1777447038773 50416993334.49275 0
1777447038779 127414092.43478261 1
1777447038782 24829589.971014492 2
1777447038786 12234345.81884058 3
1777447038789 7909971.065217392 4
1777447038793 5967894.521739131 5
1777447038797 4484819.563405797 6
1777447038801 4019143.8387681157 7
1777447038805 2973487.8079710146 8
1777447038808 2377469.1811594204 9
1777447038812 1950750.0615942029 10
1777447038816 2343824.330615942 11
1777447038819 1564672.8967391304 12
1777447038824 1912460.920289855 13
1777447038827 1162695.9972826086 14
1777447038831 1124554.9189311594 15
1777447038835 998664.2712862319 16
1777447038837 1051513.0366847827 17
1777447038848 1357195.8260869565 18
1777447038852 1335346.432518116 19
1777447038855 1096843.7744565217 20
1777447038859 1709369.8333333333 21
1777447038863 879783.4252717391 22
1777447038867 2098585.8319746377 23
1777447038870 1047747.0792572463 24
1777447038874 2402408.7948369565 25
1777447038879 20629549.014492754 26
1777447038883 1996235.6680253623 27
1777447038886 805511.7053894928 28
1777447038890 1866830.0557065217 29
1777447038894 1026347.7192028986 30
1777447038898 1152689.6313405796 31
1777447038901 9946571.75905797 32
1777447038905 1042014.825634058 33
1777447038909 556650.8448822463 34
1777447038913 2288237.356884058 35
1777447038918 12137218.086050725 36
1777447038921 4996831.8994565215 37
1777447038926 15453437.99094203 38
1777447038930 48432138.9384058 39
1777447038934 456369367.1884058 40
1777447038938 82452604.11141305 41
1777447038943 902975.2220335145 42
1777447038946 521936.48777173914 43
1777447038951 221831.18772644928 44
1777447038954 486759.48720561597 45
1777447038958 386470.77151268115 46
1777447038961 378375.5799365942 47
1777447038966 321970.1213768116 48
1777447038969 266181.43285778986 49
1777447038973 205965.68716032608 50
1777447038978 924061.289402174 51
1777447038981 586265.6400588768 52
1777447038985 788469.2740036232 53
1777447038988 4035767.5133605073 54
1777447038993 333417.47316576086 55
1777447038996 417763.83288043475 56
1777447039000 1044218.7738903986 57
1777447039003 6597097.898324275 58
1777447039006 367071822.10144925 59
1777447039010 145717989.3043478 60
1777447039014 13480513.028985508 61
1777447039017 389579.1388700181 62
1777447039021 118171.22435461957 63
1777447039024 213106.6222826087 64
1777447039028 110445.59176856885 65
1777447039031 99676.37624547101 66
1777447039034 139741.73697916666 67
1777447039038 142145.2097486413 68
1777447039041 377686.22973278986 69
1777447039046 246572.65279664856 70
1777447039048 135150.51140738223 71
1777447039052 136493.149682971 72
1777447039055 121668.02581521739 73
1777447039058 242184.26783288043 74
1777447039062 118390.66762907608 75
1777447039065 156366.35473278986 76
1777447039069 4922926.892323369 77
1777447039072 21320595.930706523 78
1777447039075 11982457.876811594 79
1777447039079 5841077.442481884 80
1777447039082 5600410.923007246 81
1777447039086 284805476.48550725 82
1777447039089 34313046.782608695 83
1777447039093 5274270.939311594 84
1777447039096 1137951.644701087 85
1777447039099 105437.24674479167 86
1777447039102 41054.84949615036 87
1777447039105 150972.18305593298 88
1777447039109 185129.24235733695 89
1777447039114 118064.90763700182 90
1777447039117 61038.45555932971 91
1777447039120 57578.09754302536 92
1777447039123 147907.47282608695 93
1777447039127 54675.003665647644 94
1777447039130 73165.01310575182 95
1777447039134 50873.987608978714 96
1777447039136 160718.1231317935 97
1777447039140 88004.44417317708 98
1777447039144 61103.421167346016 99
1777447039148 156340.39351222827 100
1777447039152 97082.06295289854 101
1777447039154 122615.89467278079 102
1777447039157 6725308.300441576 103
1777447039162 37924940.15942029 104
1777447039165 87528889.32608695 105
1777447039168 43876560.92028985 106
1777447039171 1386829.110960145 107
1777447039175 50824.094457653984 108
1777447039179 29939.733044610508 109
1777447039182 436540.3677819293 110
1777447039185 2405035.3626585146 111
1777447039188 390151.12392436597 112
1777447039192 104836.06248584692 113
1777447039195 55307.13915307971 114
1777447039198 25946.848385133606 115
1777447039202 30513.229110054348 116
1777447039205 50986.28975600091 117
1777447039209 289877.402513587 118
1777447039212 65922.56035580843 119
1777447039215 26674.143115942028 120
1777447039218 174205.57543591486 121
1777447039221 36433.29838937953 122
1777447039225 55637.66135926177 123
1777447039227 83131.28883605072 124
1777447039231 138208.5052366395 125
1777447039235 46078.697053328804 126
1777447039237 70302.55591881793 127
1777447039241 5739451.189092222 128
1777447039244 4700267.595108695 129
1777447039248 2637340.0289855073 130
1777447039251 1711739.5701992754 131
1777447039254 567881.4273097826 132
1777447039258 50472.259489639946 133
1777447039262 96108.2137964221 134
1777447039265 17083.505077417347 135
1777447039268 46470.0796783005 136
1777447039272 37148.225366564766 137
1777447039275 33100.99336928216 138
1777447039279 28143.965162194294 139
1777447039282 22898.717419610508 140
1777447039285 79440.934393399 141
1777447039289 12476.153224779211 142
1777447039293 43950.63097259964 143
1777447039296 15857.385643115942 144
1777447039299 23152.565705672554 145
1777447039302 199459.1348222373 146
1777447039306 164336.10371376813 147
1777447039309 3583904.808990036 148
1777447039313 3768439.950634058 149
1777447039315 1442262.455955616 150
1777447039318 31518.160361469654 151
1777447039321 9300.080431951992 152
1777447039326 8808.825517295063 153
1777447039329 7268.482828776042 154
1777447039333 11049.263788637907 155
1777447039335 12562.367944689764 156
1777447039339 17593.275185405346 157
1777447039343 11235.981512539629 158
1777447039345 13341.959943246151 159
1777447039349 9548.248531617981 160
1777447039352 5206.722235195879 161
1777447039354 7122.028589221014 162
1777447039359 10306.265625 163
1777447039363 20453.891700634056 164
1777447039367 25616.00001769135 165
1777447039370 6680.426170459692 166
1777447039374 6507.2187199247055 167
1777447039378 7938.587239583333 168
1777447039383 6088.066101958786 169
1777447039385 10789.974018483923 170
1777447039388 4782.2089153787365 171
1777447039392 4841.1266329115715 172
1777447039395 5078.133410467618 173
1777447039397 5368.176506595335 174
1777447039401 4742.678509256114 175
1777447039404 4207.6598218834915 176
1777447039408 3642.084562882133 177
1777447039412 3684.1452406731205 178
1777447039416 3270.4643253934555 179
1777447039419 3322.692533188972 180
1777447039423 3100.64307702106 181
1777447039426 3581.397498089334 182
1777447039429 3139.149562669837 183
1777447039433 2860.3900279169497 184
1777447039435 2869.3439322209015 185
1777447039439 2822.255477241848 186
1777447039443 2626.0857402414517 187
1777447039446 2748.1006708559785 188
1777447039450 2767.3446947180705 189
1777447039453 2570.8934768455615 190
1777447039456 2574.4009434796762 191
1777447039461 2653.9346039260645 192
1777447039464 2534.56664154495 193
1777447039466 2433.1265789529552 194
1777447039470 2406.547508350317 195
1777447039472 2394.8781932886095 196
1777447039478 2380.22557886096 197
1777447039480 2380.2691084267435 198
1777447039483 2375.149711277174 199
