1777434542714 9.50144054060397 0
1777434544263 0.6411124416019606 1
1777434545824 0.5190251361632693 2
1777434547425 0.40350913180821185 3
1777434549143 0.3060684387666592 4
1777434550584 0.23380480836267056 5
1777434552092 0.19147070162538168 6
1777434553542 0.1675756267015485 7
1777434555109 0.16575143820997598 8
1777434556655 0.1518832682699397 9
1777434558070 0.14000980318456457 10
1777434559622 0.12686689370784207 11
1777434561057 0.11416836082935333 12
1777434562558 0.1504409781832626 13
1777434564194 0.12887815483238385 14
1777434565645 0.12063355096008467 15
1777434567159 0.11425606722849002 16
1777434568577 0.10826488886622415 17
1777434570204 0.10239822406699692 18
1777434571716 0.09736587312342464 19
1777434573105 0.09390176919059477 20
1777434574752 0.08935603693775508 21
1777434576263 0.0823451478196227 22
1777434577960 0.07718619931003322 23
1777434579646 0.07348941547283228 24
1777434581106 0.06914793008911437 25
1777434582639 0.06636941972850026 26
1777434584098 0.061766821351172264 27
1777434585726 0.06062179944221524 28
1777434587251 0.05565254341648972 29
1777434588620 0.054020932673112206 30
1777434590267 0.04982750501105751 31
1777434591665 0.04771709544719129 32
1777434593158 0.050693584093149155 33
1777434594725 0.046927184244428856 34
1777434596120 0.0432690135270789 35
1777434597671 0.04122181722651357 36
1777434599345 0.04024623620553293 37
1777434601036 0.038930559935777084 38
1777434602509 0.03755759669170863 39
1777434604033 0.036103415073475975 40
1777434605667 0.03582720550290053 41
1777434607211 0.03417136528245781 42
1777434661133 0.03224669386079346 43
1777434663107 0.035336346325019134 44
1777434664858 0.031880118654689926 45
1777434666737 0.03231134927035242 46
1777434668419 0.03201680317305136 47
1777434670225 0.02861471817005372 48
1777434671967 0.028669040866088177 49
1777434673788 0.02883353135616019 50
1777434675665 0.02727893721042336 51
1777434677336 0.026332023162124813 52
1777434679040 0.027718600857516994 53
1777434680694 0.030709650853405827 54
1777434682592 0.025422620897491772 55
1777434684549 0.024514142072935036 56
1777434686247 0.0245220892239308 57
1777434688102 0.025466186250897423 58
1777434689801 0.023159115750720535 59
1777434691627 0.02753167005552762 60
1777434693482 0.022132528648860214 61
1777434695144 0.019471210009161976 62
1777434696846 0.020051248344606247 63
1777434698515 0.018244462060755577 64
1777434700346 0.01768883632199056 65
1777434702179 0.019107343305064285 66
1777434703935 0.022964394907804504 67
1777434705786 0.01734982704932707 68
1777434707460 0.016888545785585175 69
1777434709296 0.016537522073781143 70
1777434711125 0.016062175963019978 71
1777434712810 0.01671112899709007 72
1777434714737 0.016375468099030895 73
1777434716379 0.014959354520491932 74
1777434718205 0.014299267120119454 75
1777434719988 0.014548989336775698 76
1777434721597 0.015125486176406992 77
1777434723399 0.03593305034050043 78
1777434725095 0.05273237316936687 79
1777434726965 0.0276688142153232 80
1777434728830 0.021674029853032982 81
1777434730460 0.018757255639934887 82
1777434732266 0.01705322599551384 83
1777434733917 0.015816375977643158 84
1777434735791 0.015130912291182987 85
1777434737606 0.013975593004969583 86
1777434739262 0.01382356540610393 87
1777434741019 0.012603763706874157 88
1777434742685 0.012223485992222593 89
1777434744751 0.011636975329315317 90
1777434747900 0.012168678117619045 91
1777434749920 0.012319790428855282 92
1777434751929 0.011759993431252846 93
1777434753700 0.010911545459774958 94
1777434755629 0.011134413556884165 95
1777434757401 0.01948736109973296 96
1777434759393 0.03739293365050917 97
1777434761378 0.021622888419939125 98
1777434763157 0.017354546033817787 99
1777434765118 0.015040358568987122 100
1777434766828 0.013616629255314669 101
1777434768777 0.01199483079160901 102
1777434770681 0.011349212769688904 103
1777434772453 0.011881507690186087 104
1777434774400 0.009779374736050764 105
1777434776149 0.009190815777612337 106
1777434778026 0.009584202998034332 107
1777434779852 0.008756928490069897 108
1777434781493 0.009761321493356989 109
1777434783385 0.00853689172156695 110
1777434785117 0.008470187301113121 111
1777434787032 0.008397041266595108 112
1777434788941 0.008271090814546831 113
1777434790605 0.007786372015117735 114
1777434792464 0.007814357313664927 115
1777434794118 0.007980583525816168 116
1777434796040 0.007515838295491278 117
1777434797924 0.007506670551779477 118
1777434799624 0.0085247034760381 119
1777434801518 0.007413087675914816 120
1777434803198 0.007355564037688832 121
1777434805087 0.006919445557708757 122
1777434807004 0.0072919744053396626 123
1777434808715 0.007549268105809671 124
1777434810619 0.006754443764794564 125
1777434812341 0.006520091029612914 126
1777434814232 0.0064536236847440405 127
1777434815958 0.006685610084484021 128
1777434817883 0.006494634319096804 129
1777434819777 0.006382260660546413 130
1777434821526 0.006395851808559635 131
1777434823306 0.0063602336196471815 132
1777434824964 0.006569696232622517 133
1777434826767 0.006142691094968198 134
1777434828586 0.005976825453125049 135
1777434830265 0.006249626740759266 136
1777434832149 0.005806912310367477 137
1777434833824 0.005775589313682007 138
1777434835716 0.005749613505558691 139
1777434837620 0.005781065908841033 140
1777434839346 0.0056628728541883 141
1777434841209 0.005789698148821143 142
1777434843014 0.0056518310869949455 143
1777434844975 0.005449328220624855 144
1777434846811 0.005397469824368971 145
1777434848439 0.005397314138278581 146
1777434850195 0.005425401004976121 147
1777434851749 0.0053881223354002705 148
1777434853522 0.005287775803573321 149
1777434855321 0.0051077378684303894 150
1777434856898 0.0051357700570445995 151
1777434858732 0.005258141220479772 152
1777434860393 0.005151402313208235 153
1777434862227 0.005053999226378358 154
1777434864129 0.005002965786210869 155
1777434865802 0.0049542474587434444 156
1777434867629 0.004995624335698675 157
1777434869280 0.004872898267501075 158
1777434871108 0.004846453801661298 159
1777434872922 0.004810911795610319 160
1777434874602 0.004787949143328528 161
1777434876424 0.004685203254600798 162
1777434878080 0.00472373317292743 163
1777434879920 0.0047707650473044405 164
1777434881699 0.004963199284089648 165
1777434883276 0.005631811174469582 166
1777434885102 0.004651657568857721 167
1777434886755 0.004697707812369302 168
1777434888592 0.004603925724581316 169
1777434890439 0.0045497867724169855 170
1777434892057 0.004540338437410368 171
1777434893892 0.004444061471419274 172
1777434895610 0.00445399996554614 173
1777434897453 0.004461525605343606 174
1777434899306 0.004400693976819731 175
1777434900965 0.004410851068551774 176
1777434902791 0.004369507509999085 177
1777434904434 0.004378119432974769 178
1777434906266 0.004337544698079211 179
1777434908044 0.00434806442860028 180
1777434909724 0.004358519182499984 181
1777434911519 0.0043150245083792916 182
1777434913199 0.004290437821865729 183
1777434915049 0.004292274697049373 184
1777434916883 0.00428671847043586 185
1777434918523 0.0042867765498712015 186
1777434920387 0.004260771216122785 187
1777434922049 0.004247517206881574 188
1777434923868 0.004233034283759585 189
1777434925534 0.00423277400272048 190
1777434927395 0.004222336690872908 191
1777434929247 0.00421710621457601 192
1777434930941 0.004209151434158717 193
1777434932753 0.004209784564791598 194
1777434934584 0.004210903798567428 195
1777434936264 0.004197188484333996 196
1777434938097 0.004201805910797439 197
1777434939789 0.004201610025990269 198
1777434941571 0.004208564734680282 199
1777434542714 9.50144054060397 0
