1777434542732 0.001 0
1777434544282 0.0009999383162408303 1
1777434545830 0.0009997532801828658 2
1777434547435 0.0009994449374809851 3
1777434549153 0.0009990133642141358 4
1777434550596 0.000998458666866564 5
1777434552101 0.00099778098230154 6
1777434553542 0.0009969804777275899 7
1777434555117 0.000996057350657239 8
1777434556669 0.0009950118288582787 9
1777434558080 0.0009938441702975688 10
1777434559637 0.000992554663077387 11
1777434561071 0.0009911436253643444 12
1777434562573 0.0009896114053108828 13
1777434564202 0.0009879583809693736 14
1777434565656 0.0009861849601988382 15
1777434567183 0.0009842915805643154 16
1777434568592 0.000982278709228899 17
1777434570214 0.0009801468428384714 18
1777434571740 0.0009778965073991648 19
1777434573105 0.0009755282581475766 20
1777434574766 0.0009730426794137723 21
1777434576274 0.0009704403844771124 22
1777434577971 0.0009677220154149334 23
1777434579657 0.0009648882429441253 24
1777434581122 0.000961939766255643 25
1777434582649 0.0009588773128419901 26
1777434584108 0.0009557016383177221 27
1777434585736 0.0009524135262330093 28
1777434587269 0.0009490137878803073 29
1777434588642 0.0009455032620941834 30
1777434590279 0.0009418828150443463 31
1777434591674 0.0009381533400219311 32
1777434593174 0.0009343157572190951 33
1777434594734 0.0009303710135019713 34
1777434596132 0.0009263200821770456 35
1777434597681 0.000922163962751007 36
1777434599354 0.0009179036806841347 37
1777434601050 0.0009135402871372803 38
1777434602525 0.0009090748587125112 39
1777434604043 0.0009045084971874732 40
1777434605675 0.0008998423292435448 41
1777434607229 0.0008950775061878447 42
1777434661141 0.0008902152036691643 43
1777434663119 0.000885256621387894 44
1777434664869 0.0008802029828000149 45
1777434666748 0.0008750555348152292 46
1777434668428 0.0008698155474893041 47
1777434670237 0.0008644843137107051 48
1777434671979 0.0008590631488815939 49
1777434673808 0.0008535533905932731 50
1777434675677 0.0008479563982961564 51
1777434677348 0.0008422735529643437 52
1777434679050 0.000836506256754886 53
1777434680704 0.0008306559326618253 54
1777434682604 0.0008247240241650912 55
1777434684559 0.0008187119948743442 56
1777434686259 0.000812621328167852 57
1777434688113 0.0008064535268264877 58
1777434689813 0.0008002101126629415 59
1777434691638 0.000793892626146236 60
1777434693494 0.0007875026260216388 61
1777434695156 0.0007810416889260649 62
1777434696858 0.0007745114089990654 63
1777434698527 0.0007679133974894978 64
1777434700356 0.0007612492823579739 65
1777434702189 0.0007545207078751852 66
1777434703947 0.0007477293342162034 67
1777434705798 0.0007408768370508571 68
1777434707472 0.0007339649071302863 69
1777434709308 0.0007269952498697729 70
1777434711136 0.000719969584927957 71
1777434712822 0.0007128896457825358 72
1777434714749 0.0007057571793025539 73
1777434716391 0.0006985739453173898 74
1777434718217 0.0006913417161825444 75
1777434719998 0.0006840622763423385 76
1777434721609 0.000676737421889628 77
1777434723411 0.0006693689601226452 78
1777434725107 0.0006619587090990741 79
1777434726975 0.0006545084971874731 80
1777434728841 0.0006470201626161514 81
1777434730474 0.0006394955530196142 82
1777434732276 0.0006319365249826858 83
1777434733929 0.0006243449435824268 84
1777434735802 0.0006167226819279523 85
1777434737618 0.0006090716206982709 86
1777434739274 0.0006013936476782558 87
1777434741031 0.000593690657292862 88
1777434742697 0.0005859645501397043 89
1777434744774 0.000578217232520115 90
1777434747912 0.000570450615968791 91
1777434749931 0.0005626666167821518 92
1777434751941 0.0005548671555455222 93
1777434753712 0.0005470541566592567 94
1777434755641 0.000539229547863922 95
1777434757413 0.0005313952597646562 96
1777434759393 0.0005235532253548208 97
1777434761390 0.0005157053795390637 98
1777434763169 0.0005078536586559099 99
1777434765130 0.0004999999999999996 100
1777434766838 0.0004921463413440893 101
1777434768789 0.0004842946204609354 102
1777434770693 0.00047644677464517824 103
1777434772463 0.00046860474023534287 104
1777434774412 0.00046077045213607716 105
1777434776159 0.0004529458433407424 106
1777434778037 0.000445132844454477 107
1777434779863 0.0004373333832178475 108
1777434781508 0.0004295493840312084 109
1777434783397 0.0004217827674798842 110
1777434785127 0.00041403544986029484 111
1777434787042 0.0004063093427071374 112
1777434788953 0.00039860635232174353 113
1777434790617 0.0003909283793017286 114
1777434792476 0.000383277318072047 115
1777434794130 0.00037565505641757235 116
1777434796050 0.0003680634750173133 117
1777434797936 0.00036050444698038515 118
1777434799637 0.0003529798373838478 119
1777434801530 0.0003454915028125262 120
1777434803210 0.00033804129090092506 121
1777434805097 0.0003306310398773541 122
1777434807016 0.00032326257811037126 123
1777434808728 0.0003159377236576609 124
1777434810631 0.000308658283817455 125
1777434812350 0.0003014260546826094 126
1777434814244 0.0002942428206974454 127
1777434815970 0.00028711035421746345 128
1777434817893 0.0002800304150720422 129
1777434819789 0.0002730047501302264 130
1777434821538 0.0002660350928697132 131
1777434823317 0.0002591231629491421 132
1777434824974 0.00025227066578379596 133
1777434826779 0.0002454792921248141 134
1777434828598 0.00023875071764202534 135
1777434830277 0.0002320866025105013 136
1777434832161 0.0002254885910009338 137
1777434833844 0.0002189583110739344 138
1777434835728 0.00021249737397836048 139
1777434837630 0.00020610737385376327 140
1777434839356 0.00019978988733705783 141
1777434841221 0.00019354647317351147 142
1777434843025 0.00018737867183214719 143
1777434844987 0.0001812880051256549 144
1777434846823 0.00017527597583490801 145
1777434848450 0.00016934406733817395 146
1777434850207 0.0001634937432451131 147
1777434851759 0.00015772644703565544 148
1777434853532 0.00015204360170384266 149
1777434855331 0.0001464466094067261 150
1777434856909 0.00014093685111840547 151
1777434858744 0.00013551568628929414 152
1777434860403 0.00013018445251069497 153
1777434862239 0.0001249444651847701 154
1777434864140 0.00011979701719998438 155
1777434865814 0.00011474337861210527 156
1777434867641 0.00010978479633083506 157
1777434869290 0.00010492249381215464 158
1777434871117 0.00010015767075645462 159
1777434872934 9.549150281252619e-05 160
1777434874614 9.092514128748822e-05 161
1777434876436 8.645971286271907e-05 162
1777434878092 8.209631931586485e-05 163
1777434879930 7.783603724899246e-05 164
1777434881709 7.367991782295392e-05 165
1777434883286 6.962898649802802e-05 166
1777434885114 6.568424278090424e-05 167
1777434886765 6.184665997806812e-05 168
1777434888606 5.811718495565318e-05 169
1777434890448 5.449673790581603e-05 170
1777434892069 5.098621211969216e-05 171
1777434893904 4.7586473766990253e-05 172
1777434895620 4.4298361682277405e-05 173
1777434897463 4.1122687158009486e-05 174
1777434899318 3.8060233744356686e-05 175
1777434900977 3.511175705587427e-05 176
1777434902801 3.2277984585066264e-05 177
1777434904446 2.955961552288723e-05 178
1777434906278 2.6957320586227313e-05 179
1777434908054 2.44717418524232e-05 180
1777434909736 2.210349260083491e-05 181
1777434911530 1.9853157161528496e-05 182
1777434913211 1.7721290771100992e-05 183
1777434915066 1.5708419435684497e-05 184
1777434916893 1.3815039801161704e-05 185
1777434918534 1.2041619030626323e-05 186
1777434920398 1.0388594689117057e-05 187
1777434922059 8.856374635655629e-06 188
1777434923878 7.445336922613057e-06 189
1777434925546 6.155829702431163e-06 190
1777434927407 4.988171141721226e-06 191
1777434929258 3.942649342761113e-06 192
1777434930952 3.0195222724101985e-06 193
1777434932764 2.219017698459999e-06 194
1777434934596 1.5413331334360161e-06 195
1777434936276 9.866357858642194e-07 196
1777434938109 5.550625190150475e-07 197
1777434939800 2.4671981713419966e-07 198
1777434941583 6.168375916970607e-08 199
1777434542732 0.001 0
