1777434542714 0.012310313270089851 0
1777434544263 0.011613309511617907 1
1777434545826 0.010474135458091463 2
1777434547429 0.011267137592253477 3
1777434549143 0.01104067854475284 4
1777434550588 0.009941870090214239 5
1777434552094 0.009716407247427582 6
1777434553542 0.009254926349967718 7
1777434555111 0.008919830811952335 8
1777434556655 0.00849049458064247 9
1777434558074 0.008387712221862614 10
1777434559622 0.008284318719761095 11
1777434561057 0.00814150042993867 12
1777434562558 0.007894298999799767 13
1777434564194 0.007596660520125559 14
1777434565649 0.007694734253691158 15
1777434567176 0.007721423913819202 16
1777434568586 0.007633901140450135 17
1777434570204 0.007623191410000773 18
1777434571716 0.007399135707891074 19
1777434573105 0.007461616458992164 20
1777434574752 0.007390481932763604 21
1777434576265 0.007439799114143935 22
1777434577964 0.0072063680778702965 23
1777434579646 0.007053128423412209 24
1777434581106 0.007003886814134708 25
1777434582643 0.007021805143280738 26
1777434584101 0.007087950331523367 27
1777434585729 0.006833176546986552 28
1777434587261 0.006721628424913987 29
1777434588620 0.006701223585970592 30
1777434590271 0.006730129078462504 31
1777434591669 0.0066343915608266125 32
1777434593158 0.0067787427941094274 33
1777434594729 0.006691677259632211 34
1777434596120 0.006626714803818343 35
1777434597673 0.006948085211595331 36
1777434599345 0.006820336173194042 37
1777434601043 0.0066207123420916605 38
1777434602509 0.006608746075273856 39
1777434604041 0.00669601222878133 40
1777434605669 0.006676677803414455 41
1777434607214 0.0066782439438005286 42
1777434661137 0.006893053738589304 43
1777434663111 0.006705862415981465 44
1777434664862 0.006693158339223136 45
1777434666741 0.006744845601581577 46
1777434668420 0.006637585680067971 47
1777434670229 0.006688868782172601 48
1777434671971 0.0066199238155631055 49
1777434673799 0.006658558382828167 50
1777434675669 0.006603842560687791 51
1777434677340 0.00669486112082782 52
1777434679042 0.006430079337155474 53
1777434680696 0.006865903148022683 54
1777434682596 0.006529992898467226 55
1777434684551 0.006768446273939765 56
1777434686251 0.006672552995977627 57
1777434688106 0.006652038868354714 58
1777434689805 0.006622753416498502 59
1777434691631 0.006812194207062324 60
1777434693486 0.006690677255392075 61
1777434695148 0.0067441004490398845 62
1777434696850 0.006463699096786803 63
1777434698519 0.0064930164768104105 64
1777434700348 0.006588798198525024 65
1777434702181 0.006700792019187972 66
1777434703939 0.006687046636057937 67
1777434705790 0.006605942753831978 68
1777434707464 0.006631116828192835 69
1777434709300 0.006551555533340012 70
1777434711128 0.006588736785224814 71
1777434712815 0.006704092052751693 72
1777434714741 0.0066197064799675045 73
1777434716383 0.006558229944304279 74
1777434718209 0.006568033200945111 75
1777434719992 0.00659808144648222 76
1777434721601 0.006687163415810336 77
1777434723403 0.007084419559417427 78
1777434725099 0.006628319945024407 79
1777434726969 0.006688324754814739 80
1777434728834 0.006608094189963911 81
1777434730464 0.006594772437128468 82
1777434732268 0.006629654226581688 83
1777434733921 0.006561377315201621 84
1777434735794 0.006654416406662136 85
1777434737610 0.006688198871046737 86
1777434739266 0.0066644183387035046 87
1777434741023 0.006648904515727275 88
1777434742689 0.00661418275853646 89
1777434744757 0.006588934333590062 90
1777434747902 0.006623328568926756 91
1777434749924 0.006589073330109966 92
1777434751932 0.006556371280896491 93
1777434753704 0.006591432822355326 94
1777434755633 0.006516548190805791 95
1777434757405 0.006662945269836464 96
1777434759393 0.007190422546388447 97
1777434761382 0.0069541408261959104 98
1777434763161 0.007162136930054513 99
1777434765122 0.007050664083141348 100
1777434766830 0.007037218315931766 101
1777434768781 0.006978015786549751 102
1777434770685 0.006992884871104489 103
1777434772455 0.007001585590288691 104
1777434774404 0.006927509697667067 105
1777434776151 0.006633066693725793 106
1777434778028 0.006825977997125491 107
1777434779855 0.006403738457331623 108
1777434781499 0.006782380877521591 109
1777434783389 0.006435300938893056 110
1777434785119 0.006635609521544066 111
1777434787034 0.006397716154384872 112
1777434788945 0.006335097054640452 113
1777434790609 0.0065538369159659614 114
1777434792468 0.006656703734905392 115
1777434794122 0.006284570665625127 116
1777434796042 0.00639734197192002 117
1777434797928 0.006410256399354641 118
1777434799629 0.006304252082886903 119
1777434801522 0.006434949506344139 120
1777434803202 0.006500355129980523 121
1777434805088 0.00629579850162069 122
1777434807008 0.0062042642722203245 123
1777434808719 0.006078972825375588 124
1777434810623 0.006353987907261952 125
1777434812343 0.005992483604105486 126
1777434814236 0.0061687469225970735 127
1777434815962 0.006162774290187635 128
1777434817884 0.006276554913948412 129
1777434819781 0.006014342912459287 130
1777434821530 0.006077558983225322 131
1777434823310 0.006152769753142544 132
1777434824968 0.006234125166699506 133
1777434826771 0.0061219945428488045 134
1777434828590 0.006016053927495428 135
1777434830269 0.0060188127344177255 136
1777434832153 0.005847173925165249 137
1777434833824 0.006031603849344496 138
1777434835720 0.005899753333811743 139
1777434837622 0.0059347163372929545 140
1777434839348 0.005900841489758181 141
1777434841213 0.006017805306591849 142
1777434843017 0.005963213397594897 143
1777434844979 0.005874420678162057 144
1777434846815 0.005839336400284716 145
1777434848444 0.005825309575521859 146
1777434850199 0.005947023913588213 147
1777434851753 0.005834726313048083 148
1777434853524 0.0059156193519416065 149
1777434855323 0.005866810402738443 150
1777434856902 0.005814625699397015 151
1777434858737 0.005928292020183542 152
1777434860395 0.005861476164959047 153
1777434862231 0.0058637089433445444 154
1777434864133 0.005805673536615095 155
1777434865806 0.005685979777110228 156
1777434867633 0.0057648870405619555 157
1777434869282 0.005705644970462806 158
1777434871110 0.00579114411485152 159
1777434872926 0.005817255551886299 160
1777434874606 0.005899102406819229 161
1777434876428 0.0057520816656018514 162
1777434878084 0.005711593003808588 163
1777434879922 0.0057055493006887645 164
1777434881701 0.005877204239368439 165
1777434883280 0.0057083073854986306 166
1777434885106 0.005608218492589135 167
1777434886757 0.005757591538671134 168
1777434888596 0.005799869999991379 169
1777434890441 0.005749763300021489 170
1777434892061 0.005909327309632647 171
1777434893896 0.0057538310200839805 172
1777434895612 0.005643895469551933 173
1777434897455 0.005721598364196826 174
1777434899310 0.005813548692326614 175
1777434900969 0.005849290841623493 176
1777434902795 0.005764114481491455 177
1777434904438 0.005711001816435137 178
1777434906270 0.00572710753539982 179
1777434908046 0.005697815051383298 180
1777434909728 0.005708622995871997 181
1777434911522 0.00577690569764894 182
1777434913203 0.005667163895955984 183
1777434915049 0.005671736780904989 184
1777434916887 0.005744207083531048 185
1777434918527 0.005731070765118668 186
1777434920391 0.0056413747707678786 187
1777434922051 0.005776624991625979 188
1777434923870 0.0056385090439647866 189
1777434925538 0.005613598662118117 190
1777434927399 0.005662942919340255 191
1777434929250 0.005520047640184994 192
1777434930944 0.005671949561118432 193
1777434932757 0.005623288385138131 194
1777434934588 0.005696959368398656 195
1777434936268 0.00576688166356821 196
1777434938101 0.005697298882718103 197
1777434939791 0.005714349840106308 198
1777434941575 0.005578031385506409 199
1777434542714 0.012310313270089851 0
