1777434542727 9.502671639988387 0
1777434544279 0.6422737733177517 1
1777434545829 0.5200725517411163 2
1777434547431 0.4046358453190845 3
1777434549148 0.3071725057519 4
1777434550590 0.23479899569698 5
1777434552096 0.19244234091129855 6
1777434553542 0.16850111860296 7
1777434555113 0.1666434206392454 8
1777434556665 0.15273231743038565 9
1777434558076 0.14084857399912848 10
1777434559622 0.12769532570804376 11
1777434561057 0.11498251082240671 12
1777434562558 0.15123040812171024 13
1777434564194 0.12963782078114108 14
1777434565652 0.12140302414047545 15
1777434567177 0.11502820987632309 16
1777434568588 0.10902827924144441 17
1777434570211 0.10316054317830266 18
1777434571736 0.09810578693514285 19
1777434573105 0.09464793123196864 20
1777434574766 0.09009508529435033 21
1777434576269 0.08308912792067596 22
1777434577967 0.07790683652611746 23
1777434579653 0.07419472846432008 24
1777434581106 0.06984831889470418 25
1777434582645 0.06707160018276477 26
1777434584104 0.06247561657126399 27
1777434585731 0.06130511697003807 28
1777434587263 0.056324706399354385 29
1777434588636 0.05469105527668759 30
1777434590273 0.0505005180619765 31
1777434591670 0.04838053461002267 32
1777434593158 0.051371458539928215 33
1777434594730 0.04759635187793469 34
1777434596120 0.043931685118139656 35
1777434597677 0.04191662592516429 36
1777434599349 0.04092826964198679 37
1777434601046 0.03959263121520264 38
1777434602509 0.038218471289112946 39
1777434604043 0.036773016109414726 40
1777434605671 0.03649487297820008 41
1777434607219 0.034839189651867615 42
1777434661139 0.03293599941484306 43
1777434663113 0.03600693270024182 44
1777434664864 0.0325494345439517 45
1777434666744 0.03298583391891873 46
1777434668424 0.032680561469084976 47
1777434670231 0.02928360503004945 48
1777434671973 0.029331033185556316 49
1777434673801 0.02949938734156498 50
1777434675670 0.027939321473240852 51
1777434677342 0.02700150936194088 52
1777434679046 0.028361608746691025 53
1777434680700 0.03139624096777128 54
1777434682598 0.02607562020421028 55
1777434684555 0.025190986719900284 56
1777434686254 0.02518934448776038 57
1777434688107 0.02613139001355655 58
1777434689807 0.0238213911652565 59
1777434691633 0.028212889381076977 60
1777434693488 0.022801596347404564 61
1777434695150 0.02014561996295832 62
1777434696852 0.02069761822729007 63
1777434698521 0.01889376374690429 64
1777434700352 0.018347716120922047 65
1777434702185 0.019777422460416954 66
1777434703941 0.02363309941753961 67
1777434705792 0.01801042127814414 68
1777434707466 0.017551657460306003 69
1777434709302 0.01719267748674189 70
1777434711130 0.016721049715103447 71
1777434712819 0.017381538205064724 72
1777434714743 0.01703743879561839 73
1777434716385 0.015615177624251532 74
1777434718211 0.014956070420642694 75
1777434719994 0.01520879752933979 76
1777434721605 0.01579420249639214 77
1777434723405 0.036641492319387806 78
1777434725101 0.05339520519086416 79
1777434726971 0.028337646653686745 80
1777434728837 0.02233483920386736 81
1777434730466 0.019416732875549274 82
1777434732272 0.01771619137160588 83
1777434733923 0.01647251373345869 84
1777434735798 0.01579635387853436 85
1777434737614 0.014644412877227085 86
1777434739268 0.014490007179910723 87
1777434741025 0.013268654126727926 88
1777434742691 0.012884904239056767 89
1777434744761 0.012295868760649708 90
1777434747906 0.012831010977211206 91
1777434749926 0.012978697803033434 92
1777434751936 0.012415630553943523 93
1777434753706 0.011570688809497633 94
1777434755635 0.0117860683982355 95
1777434757407 0.020153655670583248 96
1777434759393 0.03811197595643825 97
1777434761384 0.02231830253225306 98
1777434763163 0.01807075975111861 99
1777434765124 0.01574542497595151 100
1777434766834 0.014320351007947887 101
1777434768783 0.012692632369589115 102
1777434770688 0.012048501251400381 103
1777434772459 0.01258166627013597 104
1777434774408 0.0104721256437293 105
1777434776155 0.00985412242943826 106
1777434778032 0.010266800775476124 107
1777434779859 0.009397302349300488 108
1777434781503 0.010439559574360434 109
1777434783391 0.009180421711526054 110
1777434785123 0.009133748230996771 111
1777434787038 0.009036812843565924 112
1777434788947 0.008904600515961647 113
1777434790612 0.008441755676345118 114
1777434792470 0.008480027695928795 115
1777434794124 0.008609040599802265 116
1777434796046 0.00815557251157968 117
1777434797930 0.008147696222084156 118
1777434799631 0.009155128704572933 119
1777434801524 0.008056582707533802 120
1777434803204 0.008005599579031485 121
1777434805093 0.007549025455786698 122
1777434807010 0.007912400806241709 123
1777434808721 0.008157165403869272 124
1777434810625 0.007389842546072559 125
1777434812347 0.0071193393981219205 126
1777434814238 0.007070498365530933 127
1777434815964 0.007301887517552013 128
1777434817889 0.007122289740305016 129
1777434819783 0.006983694971363613 130
1777434821532 0.007003607707557039 131
1777434823312 0.006975510609808607 132
1777434824970 0.007193108791134496 133
1777434826773 0.006754890516184379 134
1777434828592 0.00657843086409612 135
1777434830271 0.00685150800542771 136
1777434832157 0.006391629745400902 137
1777434833840 0.00637874969591697 138
1777434835722 0.006339588843663965 139
1777434837626 0.0063745375668657 140
1777434839350 0.006252956995065661 141
1777434841215 0.006391478695677242 142
1777434843019 0.006248152416631364 143
1777434844981 0.00603677026009646 144
1777434846817 0.005981403477219999 145
1777434848446 0.005979845124850239 146
1777434850201 0.006020103399034428 147
1777434851755 0.005971594956582007 148
1777434853528 0.005879337750915168 149
1777434855327 0.005694418909379106 150
1777434856904 0.005717232593915601 151
1777434858739 0.005850970414399669 152
1777434860399 0.0057375499020344105 153
1777434862233 0.005640370130161013 154
1777434864136 0.005583533139872378 155
1777434865808 0.005522845427681139 156
1777434867635 0.005572113066749728 157
1777434869286 0.005443462744301212 158
1777434871113 0.0054255682246192646 159
1777434872928 0.005392637319754863 160
1777434874608 0.005377859410330438 161
1777434876430 0.005260411420486112 162
1777434878086 0.005294892457786245 163
1777434879926 0.005341319974673831 164
1777434881705 0.0055509197147752065 165
1777434883282 0.006202641894797916 166
1777434885108 0.005212479419466378 167
1777434886762 0.005273466990531787 168
1777434888600 0.005183912712432768 169
1777434890444 0.005124763126714506 170
1777434892063 0.005131271181871061 171
1777434893898 0.005019444580851257 172
1777434895616 0.0050183895340972185 173
1777434897459 0.005033685427590989 174
1777434899312 0.004982048841328293 175
1777434900971 0.004995780119645423 176
1777434902797 0.0049459189581482306 177
1777434904440 0.004949219602470596 178
1777434906272 0.004910255444870479 179
1777434908050 0.004917845933063739 180
1777434909732 0.004929381473313855 181
1777434911524 0.0048927150774693146 182
1777434913205 0.004857154198638771 183
1777434915060 0.00485944835320655 184
1777434916889 0.0048611391760894785 185
1777434918529 0.004859883608161539 186
1777434920393 0.004824908699948287 187
1777434922055 0.004825179687822642 188
1777434923874 0.004796885190180678 189
1777434925540 0.004794133860833835 190
1777434927401 0.004788630976058219 191
1777434929252 0.0047691109441760655 192
1777434930946 0.004776346362263396 193
1777434932759 0.004772113386433625 194
1777434934590 0.0047805997462052364 195
1777434936270 0.004773876650015945 196
1777434938103 0.004771535831463078 197
1777434939795 0.004773044992454242 198
1777434941577 0.0047663678820042505 199
1777434542727 9.502671639988387 0
