1777401796144 0.001 0
1777401797075 0.0009999383162408303 1
1777401797787 0.0009997532801828658 2
1777401798611 0.0009994449374809851 3
1777401799415 0.0009990133642141358 4
1777401800076 0.000998458666866564 5
1777401800873 0.00099778098230154 6
1777401801672 0.0009969804777275899 7
1777401802359 0.000996057350657239 8
1777401803164 0.0009950118288582787 9
1777401803976 0.0009938441702975688 10
1777401804707 0.000992554663077387 11
1777401805505 0.0009911436253643444 12
1777401806293 0.0009896114053108828 13
1777401806947 0.0009879583809693736 14
1777401807780 0.0009861849601988382 15
1777401808577 0.0009842915805643154 16
1777401809281 0.000982278709228899 17
1777401810074 0.0009801468428384714 18
1777401810894 0.0009778965073991648 19
1777401811587 0.0009755282581475766 20
1777401812441 0.0009730426794137723 21
1777401813231 0.0009704403844771124 22
1777401813892 0.0009677220154149334 23
1777401814701 0.0009648882429441253 24
1777401815406 0.000961939766255643 25
1777401816216 0.0009588773128419901 26
1777401817008 0.0009557016383177221 27
1777401817679 0.0009524135262330093 28
1777401818495 0.0009490137878803073 29
1777401819310 0.0009455032620941834 30
1777401820004 0.0009418828150443463 31
1777401820793 0.0009381533400219311 32
1777401821607 0.0009343157572190951 33
1777401822275 0.0009303710135019713 34
1777401823061 0.0009263200821770456 35
1777401823838 0.000922163962751007 36
1777401824503 0.0009179036806841347 37
1777401825354 0.0009135402871372803 38
1777401826159 0.0009090748587125112 39
1777401826847 0.0009045084971874732 40
1777401827661 0.0008998423292435448 41
1777401828505 0.0008950775061878447 42
1777401829174 0.0008902152036691643 43
1777401829999 0.000885256621387894 44
1777401830803 0.0008802029828000149 45
1777401831532 0.0008750555348152292 46
1777401832440 0.0008698155474893041 47
1777401833240 0.0008644843137107051 48
1777401833921 0.0008590631488815939 49
1777401834717 0.0008535533905932731 50
1777401835571 0.0008479563982961564 51
1777401836268 0.0008422735529643437 52
1777401837056 0.000836506256754886 53
1777401837774 0.0008306559326618253 54
1777401838588 0.0008247240241650912 55
1777401839395 0.0008187119948743442 56
1777401840077 0.000812621328167852 57
1777401840885 0.0008064535268264877 58
1777401841713 0.0008002101126629415 59
1777401842424 0.000793892626146236 60
1777401843228 0.0007875026260216388 61
1777401844038 0.0007810416889260649 62
1777401844713 0.0007745114089990654 63
1777401845556 0.0007679133974894978 64
1777401846365 0.0007612492823579739 65
1777401847065 0.0007545207078751852 66
1777401847915 0.0007477293342162034 67
1777401848716 0.0007408768370508571 68
1777401849414 0.0007339649071302863 69
1777401850253 0.0007269952498697729 70
1777401851112 0.000719969584927957 71
1777401851818 0.0007128896457825358 72
1777401852711 0.0007057571793025539 73
1777401853554 0.0006985739453173898 74
1777401854249 0.0006913417161825444 75
1777401855037 0.0006840622763423385 76
1777401855884 0.000676737421889628 77
1777401856554 0.0006693689601226452 78
1777401857376 0.0006619587090990741 79
1777401858107 0.0006545084971874731 80
1777401858938 0.0006470201626161514 81
1777401859769 0.0006394955530196142 82
1777401860464 0.0006319365249826858 83
1777401861277 0.0006243449435824268 84
1777401862091 0.0006167226819279523 85
1777401862779 0.0006090716206982709 86
1777401863569 0.0006013936476782558 87
1777401864408 0.000593690657292862 88
1777401865073 0.0005859645501397043 89
1777401865894 0.000578217232520115 90
1777401866746 0.000570450615968791 91
1777401867412 0.0005626666167821518 92
1777401868254 0.0005548671555455222 93
1777401869073 0.0005470541566592567 94
1777401869772 0.000539229547863922 95
1777401870608 0.0005313952597646562 96
1777401871421 0.0005235532253548208 97
1777401872113 0.0005157053795390637 98
1777401872930 0.0005078536586559099 99
1777401873763 0.0004999999999999996 100
1777401874465 0.0004921463413440893 101
1777401875252 0.0004842946204609354 102
1777401876091 0.00047644677464517824 103
1777401876825 0.00046860474023534287 104
1777401877641 0.00046077045213607716 105
1777401878391 0.0004529458433407424 106
1777401879217 0.000445132844454477 107
1777401880035 0.0004373333832178475 108
1777401880739 0.0004295493840312084 109
1777401881562 0.0004217827674798842 110
1777401882368 0.00041403544986029484 111
1777401883058 0.0004063093427071374 112
1777401883882 0.00039860635232174353 113
1777401884677 0.0003909283793017286 114
1777401885352 0.000383277318072047 115
1777401886173 0.00037565505641757235 116
1777401887009 0.0003680634750173133 117
1777401887701 0.00036050444698038515 118
1777401888535 0.0003529798373838478 119
1777401889373 0.0003454915028125262 120
1777401890054 0.00033804129090092506 121
1777401890874 0.0003306310398773541 122
1777401891713 0.00032326257811037126 123
1777401892385 0.0003159377236576609 124
1777401893214 0.000308658283817455 125
1777401894012 0.0003014260546826094 126
1777401894705 0.0002942428206974454 127
1777401895516 0.00028711035421746345 128
1777401896314 0.0002800304150720422 129
1777401896997 0.0002730047501302264 130
1777401897860 0.0002660350928697132 131
1777401898709 0.0002591231629491421 132
1777401899427 0.00025227066578379596 133
1777401900307 0.0002454792921248141 134
1777401900970 0.00023875071764202534 135
1777401901778 0.0002320866025105013 136
1777401902598 0.0002254885910009338 137
1777401903273 0.0002189583110739344 138
1777401904084 0.00021249737397836048 139
1777401904887 0.00020610737385376327 140
1777401905573 0.00019978988733705783 141
1777401906407 0.00019354647317351147 142
1777401907241 0.00018737867183214719 143
1777401908017 0.0001812880051256549 144
1777401908865 0.00017527597583490801 145
1777401909684 0.00016934406733817395 146
1777401910405 0.0001634937432451131 147
1777401911277 0.00015772644703565544 148
1777401912109 0.00015204360170384266 149
1777401912790 0.0001464466094067261 150
1777401913600 0.00014093685111840547 151
1777401914407 0.00013551568628929414 152
1777401915071 0.00013018445251069497 153
1777401915909 0.0001249444651847701 154
1777401916757 0.00011979701719998438 155
1777401917444 0.00011474337861210527 156
1777401918308 0.00010978479633083506 157
1777401919118 0.00010492249381215464 158
1777401919798 0.00010015767075645462 159
1777401920645 9.549150281252619e-05 160
1777401921491 9.092514128748822e-05 161
1777401922156 8.645971286271907e-05 162
1777401922955 8.209631931586485e-05 163
1777401923751 7.783603724899246e-05 164
1777401924439 7.367991782295392e-05 165
1777401925234 6.962898649802802e-05 166
1777401926014 6.568424278090424e-05 167
1777401926691 6.184665997806812e-05 168
1777401927482 5.811718495565318e-05 169
1777401928368 5.449673790581603e-05 170
1777401929045 5.098621211969216e-05 171
1777401929869 4.7586473766990253e-05 172
1777401930603 4.4298361682277405e-05 173
1777401931405 4.1122687158009486e-05 174
1777401932258 3.8060233744356686e-05 175
1777401932931 3.511175705587427e-05 176
1777401933723 3.2277984585066264e-05 177
1777401934532 2.955961552288723e-05 178
1777401935216 2.6957320586227313e-05 179
1777401936022 2.44717418524232e-05 180
1777401936842 2.210349260083491e-05 181
1777401937531 1.9853157161528496e-05 182
1777401938396 1.7721290771100992e-05 183
1777401939240 1.5708419435684497e-05 184
1777401939959 1.3815039801161704e-05 185
1777401940756 1.2041619030626323e-05 186
1777401941575 1.0388594689117057e-05 187
1777401942289 8.856374635655629e-06 188
1777401943108 7.445336922613057e-06 189
1777401943971 6.155829702431163e-06 190
1777401944646 4.988171141721226e-06 191
1777401945472 3.942649342761113e-06 192
1777401946296 3.0195222724101985e-06 193
1777401946981 2.219017698459999e-06 194
1777401947804 1.5413331334360161e-06 195
1777401948647 9.866357858642194e-07 196
1777401949380 5.550625190150475e-07 197
1777401950200 2.4671981713419966e-07 198
1777401950872 6.168375916970607e-08 199
1777401796144 0.001 0
