1777401796139 26664810898951.42 0
1777401797070 235145187031.18842 1
1777401797782 104746996483.71014 2
1777401798605 65000760216.115944 3
1777401799411 43068141657.04348 4
1777401800064 34411027604.4058 5
1777401800865 32156368020.405796 6
1777401801664 27071413886.144928 7
1777401802354 23484970837.333332 8
1777401803159 21017443854.84058 9
1777401803963 17307600829.217392 10
1777401804701 15671212677.565218 11
1777401805498 17789179532.985508 12
1777401806288 15276037260.985508 13
1777401806947 16480994363.362318 14
1777401807773 14840325728.463768 15
1777401808564 16985906086.956522 16
1777401809270 19920363000.579712 17
1777401810064 23572268195.246376 18
1777401810887 16128071168.0 19
1777401811581 9228072232.811594 20
1777401812436 11077735509.333334 21
1777401813213 13558636046.84058 22
1777401813882 16694577994.202898 23
1777401814696 23880554488.579712 24
1777401815397 14420125929.73913 25
1777401816209 14883588192.463768 26
1777401816998 44078778866.08696 27
1777401817673 33605136465.623188 28
1777401818489 22711835796.405796 29
1777401819304 66263061296.23189 30
1777401820000 36588101550.37681 31
1777401820789 100913651838.14493 32
1777401821597 488206148236.98553 33
1777401822271 34347660317.68116 34
1777401823056 49339611722.202896 35
1777401823833 7916069695.072464 36
1777401824498 14314674233.507246 37
1777401825349 17126213006.84058 38
1777401826153 5599691735.188406 39
1777401826842 4270155987.478261 40
1777401827661 3741790151.42029 41
1777401828501 3243107441.1594205 42
1777401829164 4223111942.4927535 43
1777401829994 4576852784.231884 44
1777401830796 6331027977.275362 45
1777401831526 5683982230.26087 46
1777401832435 3775053171.014493 47
1777401833234 6783041823.536232 48
1777401833914 4537424066.782609 49
1777401834712 5998765109.797101 50
1777401835565 3744506360.57971 51
1777401836261 2776644292.637681 52
1777401837051 4626338370.782609 53
1777401837768 25795961180.753624 54
1777401838584 5832713523.942029 55
1777401839390 10842623014.956522 56
1777401840071 140178415018.66666 57
1777401840881 52918183921.159424 58
1777401841698 31244159762.550724 59
1777401842418 6700475737.043478 60
1777401843221 9269660816.695652 61
1777401844033 3640066496.927536 62
1777401844700 6225315153.623188 63
1777401845550 1958448279.1884058 64
1777401846359 3019830838.7246375 65
1777401847059 1751959530.6666667 66
1777401847909 3762926540.057971 67
1777401848701 7067650036.869565 68
1777401849408 5345496787.478261 69
1777401850248 6816583438.84058 70
1777401851107 4285426830.8405795 71
1777401851812 14332457561.043478 72
1777401852705 8804381809.15942 73
1777401853549 34010491985.623188 74
1777401854245 11755080114.086956 75
1777401855033 9888059531.130434 76
1777401855879 4174192972.057971 77
1777401856550 4459457905.15942 78
1777401857364 10604753122.782608 79
1777401858102 32272638048.463768 80
1777401858932 14718735909.10145 81
1777401859761 3495928382.1449275 82
1777401860464 4638041230.84058 83
1777401861264 1544924664.115942 84
1777401862087 3561004551.42029 85
1777401862763 1742287348.8695652 86
1777401863564 3043007624.347826 87
1777401864403 9146248725.333334 88
1777401865064 10386160432.231884 89
1777401865889 5807367671.652174 90
1777401866741 3126122654.6086955 91
1777401867407 2338289200.231884 92
1777401868250 1984456906.2028985 93
1777401869069 2687595502.8405795 94
1777401869766 1938051123.942029 95
1777401870602 2832360276.405797 96
1777401871416 7056533470.608696 97
1777401872108 2865532844.057971 98
1777401872924 2045606693.1014493 99
1777401873763 36148053565.21739 100
1777401874459 42419976201.27536 101
1777401875246 8007335210.666667 102
1777401876087 2501731158.2608695 103
1777401876818 1968687277.4492753 104
1777401877637 1194224557.4492753 105
1777401878385 1536820064.0 106
1777401879214 18781720479.536232 107
1777401880030 2979274217.2753625 108
1777401880735 1226232756.405797 109
1777401881556 601749282.0869565 110
1777401882362 669257281.3913044 111
1777401883053 643811309.9130435 112
1777401883876 780793856.4637681 113
1777401884672 583899436.5217391 114
1777401885347 842794090.4347826 115
1777401886167 767680786.5507246 116
1777401887004 804031184.4637681 117
1777401887695 601852069.3333334 118
1777401888531 748878984.8115942 119
1777401889364 757140632.5797101 120
1777401890048 1111015189.5652175 121
1777401890865 2518655765.7971015 122
1777401891701 933300313.5072464 123
1777401892380 1339142980.405797 124
1777401893199 1532660123.3623188 125
1777401894007 1416847340.9855072 126
1777401894700 808506660.4057971 127
1777401895510 812736100.4057971 128
1777401896314 403991784.34782606 129
1777401896993 1070986162.5507246 130
1777401897854 1101104735.768116 131
1777401898700 367762410.31884056 132
1777401899421 485898293.3333333 133
1777401900303 1652311185.1594203 134
1777401900965 2399203308.057971 135
1777401901772 505546609.85507244 136
1777401902592 455974382.3768116 137
1777401903269 262481620.17391303 138
1777401904078 379928859.1304348 139
1777401904883 509373521.2753623 140
1777401905563 347989479.4202899 141
1777401906401 1334049552.463768 142
1777401907235 1584343063.1884058 143
1777401908013 5167286050.318841 144
1777401908860 1344398644.405797 145
1777401909679 422069632.4637681 146
1777401910398 257912784.6956522 147
1777401911263 546514644.2898551 148
1777401912103 706950144.4637681 149
1777401912785 366612294.26086956 150
1777401913595 477195243.942029 151
1777401914402 387106165.5652174 152
1777401915066 286466670.95652175 153
1777401915904 244294104.46376812 154
1777401916752 234852823.1884058 155
1777401917439 191968998.95652175 156
1777401918303 256779021.44927537 157
1777401919112 211272836.7536232 158
1777401919793 204587775.6521739 159
1777401920639 233413276.6956522 160
1777401921486 155593246.55072463 161
1777401922151 172005903.5942029 162
1777401922950 154386169.2753623 163
1777401923747 173135854.84057972 164
1777401924435 175557213.71014494 165
1777401925229 139292326.0289855 166
1777401926008 137900154.4347826 167
1777401926686 130011076.23188406 168
1777401927478 123720894.20289855 169
1777401928364 126886185.9710145 170
1777401929040 135835545.33333334 171
1777401929864 122220134.3768116 172
1777401930597 118605596.3478261 173
1777401931399 114046438.95652173 174
1777401932246 113176042.66666667 175
1777401932925 119225902.31884058 176
1777401933714 106892019.01449275 177
1777401934527 107949353.1594203 178
1777401935200 100771207.94202898 179
1777401936014 96638119.94202898 180
1777401936836 92406645.04347827 181
1777401937526 93021259.07246377 182
1777401938390 94125693.1594203 183
1777401939235 95297505.33333333 184
1777401939954 94071651.53623189 185
1777401940751 87753459.36231884 186
1777401941563 82478677.73913044 187
1777401942284 80105068.8115942 188
1777401943103 78501303.71014492 189
1777401943964 80002732.57971014 190
1777401944641 78387076.98550725 191
1777401945466 78585884.46376811 192
1777401946291 76958900.98550725 193
1777401946976 76139986.75362319 194
1777401947798 74071555.9710145 195
1777401948641 73719618.8405797 196
1777401949375 73415558.69565217 197
1777401950196 73517233.88405797 198
1777401950866 72000220.7826087 199
1777401796139 26664810898951.42 0
