1777402018969 0.001 0
1777402019878 0.0009999383162408303 1
1777402020602 0.0009997532801828658 2
1777402021496 0.0009994449374809851 3
1777402022364 0.0009990133642141358 4
1777402023104 0.000998458666866564 5
1777402023977 0.00099778098230154 6
1777402024855 0.0009969804777275899 7
1777402025590 0.000996057350657239 8
1777402026479 0.0009950118288582787 9
1777402027340 0.0009938441702975688 10
1777402028160 0.000992554663077387 11
1777402028962 0.0009911436253643444 12
1777402029780 0.0009896114053108828 13
1777402030456 0.0009879583809693736 14
1777402031243 0.0009861849601988382 15
1777402032054 0.0009842915805643154 16
1777402032727 0.000982278709228899 17
1777402033517 0.0009801468428384714 18
1777402034306 0.0009778965073991648 19
1777402034978 0.0009755282581475766 20
1777402035791 0.0009730426794137723 21
