1777402018962 15.257360562034275 0
1777402019874 0.6548540229382722 1
1777402020597 0.5469911595185598 2
1777402021486 0.4362894149794095 3
1777402022360 0.3438501306202101 4
1777402023096 0.2759636353323425 5
1777402023962 0.2219089913195458 6
1777402024851 0.18631334127723306 7
1777402025586 0.16152863355650418 8
1777402026468 0.14207611632519873 9
1777402027336 0.12996077580728393 10
1777402028154 0.11827789516984552 11
1777402028958 0.10974822463332742 12
1777402029762 0.1021761188040609 13
1777402030452 0.09604767040498015 14
1777402031243 0.09028362471988235 15
1777402032043 0.08512935463501059 16
1777402032721 0.07984780692967816 17
1777402033502 0.0762781686540963 18
1777402034292 0.07273816943600558 19
1777402034960 0.06917037717674089 20
1777402035785 0.0661593495287757 21
