1777443949079 0.004684134525039395 0
1777443949086 0.00015944219816499728 1
1777443949090 8.832408491508576e-05 2
1777443949094 5.981842511665899e-05 3
1777443949098 4.870350750169946e-05 4
1777443949102 4.1903740961772755e-05 5
1777443949107 3.6301053457292795e-05 6
1777443949110 3.126699005445951e-05 7
1777443949113 2.746519029365711e-05 8
1777443949118 2.3963075443095043e-05 9
1777443949123 2.098208626747415e-05 10
1777443949126 1.8580621869752076e-05 11
1777443949131 1.676709440368501e-05 12
1777443949135 1.5268859014200196e-05 13
1777443949140 1.4868258931264922e-05 14
1777443949144 1.3571437865839867e-05 15
1777443949154 1.3048055101851629e-05 16
1777443949158 1.2278030924895521e-05 17
1777443949162 1.163065419108455e-05 18
1777443949168 1.089341201251322e-05 19
1777443949173 1.0203622640920399e-05 20
1777443949178 9.620111785003193e-06 21
1777443949182 9.215954325581139e-06 22
1777443949186 8.58309111709536e-06 23
1777443949190 8.22302617171258e-06 24
1777443949195 7.643428126765935e-06 25
1777443949198 7.28526233154074e-06 26
1777443949203 6.977065012229698e-06 27
1777443949208 6.745729551503377e-06 28
1777443949211 6.4557587235037275e-06 29
1777443949215 6.026510506500557e-06 30
1777443949220 5.738458231212133e-06 31
1777443949224 5.335196380221295e-06 32
1777443949228 5.3683759727826565e-06 33
1777443949232 4.828103734009504e-06 34
1777443949237 5.006004008411791e-06 35
1777443949241 5.0035623018260775e-06 36
1777443949246 4.4645547088452e-06 37
1777443949249 4.8632800332163004e-06 38
1777443949254 4.2529867398010594e-06 39
1777443949258 3.9535824581052754e-06 40
1777443949262 3.833522853618479e-06 41
1777443949267 3.889998609246096e-06 42
1777443949272 3.5926198019085964e-06 43
1777443949275 3.4500796006624652e-06 44
1777443949279 3.7144572444589543e-06 45
1777443949284 4.0352174997626236e-06 46
1777443949288 3.838880179434942e-06 47
1777443949293 3.596245907855505e-06 48
1777443949297 3.1832336113122595e-06 49
1777443949300 3.1014848630455663e-06 50
1777443949306 3.7876546137841363e-06 51
1777443949309 2.974222739346484e-06 52
1777443949313 3.006317014744812e-06 53
1777443949317 2.9226031680688416e-06 54
1777443949322 2.8898261158853225e-06 55
1777443949325 2.6797899962453497e-06 56
1777443949329 2.7944153237552634e-06 57
1777443949334 2.8293603279145327e-06 58
1777443949338 2.5879750891349893e-06 59
1777443949343 3.088108876685167e-06 60
1777443949347 3.3587957626667153e-06 61
1777443949350 2.621057792500811e-06 62
1777443949356 2.9959532402363434e-06 63
1777443949360 2.5655535782261985e-06 64
1777443949364 3.443465091194135e-06 65
1777443949368 2.2933648528703707e-06 66
1777443949372 2.189708075949992e-06 67
1777443949376 2.5480049010223844e-06 68
1777443949380 2.4536668068163716e-06 69
1777443949384 2.092664973146832e-06 70
1777443949388 2.2007121792146633e-06 71
1777443949392 2.4489621670210804e-06 72
1777443949396 2.225773976309595e-06 73
1777443949401 2.1792309260068787e-06 74
1777443949405 2.21165304129249e-06 75
1777443949409 2.0308099073045542e-06 76
1777443949413 2.273622281672547e-06 77
1777443949417 2.214921602134764e-06 78
1777443949421 2.349973468868036e-06 79
1777443949425 1.9273704221790387e-06 80
1777443949429 2.0422770290494645e-06 81
1777443949432 1.972230961655441e-06 82
1777443949438 1.90390814946179e-06 83
1777443949442 1.8551398967985364e-06 84
1777443949445 1.9706883943834566e-06 85
1777443949449 2.4251046661315807e-06 86
1777443949453 1.9988707584201144e-06 87
1777443949457 1.6118136084949821e-06 88
1777443949462 1.741218585740843e-06 89
1777443949466 1.6296000378291786e-06 90
1777443949469 2.1759921461731815e-06 91
1777443949473 1.5894251919894158e-06 92
1777443949477 1.7931574044875258e-06 93
1777443949481 1.6223285304780195e-06 94
1777443949486 1.7459052597205036e-06 95
1777443949490 1.7131576606661312e-06 96
1777443949494 1.4908249304557946e-06 97
1777443949498 1.5786997697643423e-06 98
1777443949502 1.5506836092938918e-06 99
1777443949506 1.6496678588315474e-06 100
1777443949510 1.4391065587256309e-06 101
1777443949514 1.2814021364766117e-06 102
1777443949517 1.333817784182864e-06 103
1777443949523 1.7856739337941585e-06 104
1777443949527 1.2743380128652633e-06 105
1777443949531 1.298147168015113e-06 106
1777443949535 1.2323401516250274e-06 107
1777443949539 1.204170004804336e-06 108
1777443949542 1.2004752171787254e-06 109
1777443949546 1.215019247648224e-06 110
1777443949550 1.389272374976629e-06 111
1777443949555 1.19688260106752e-06 112
1777443949559 1.0565104391218114e-06 113
1777443949563 1.1970485377168043e-06 114
1777443949566 1.2180052612746004e-06 115
1777443949571 1.1940198610450286e-06 116
1777443949575 1.1012167920602804e-06 117
1777443949580 1.0831035064770929e-06 118
1777443949583 1.189030936602385e-06 119
1777443949588 1.0551921339659505e-06 120
1777443949592 1.0936163178392735e-06 121
1777443949596 1.0748450976925728e-06 122
1777443949599 1.3419099012526863e-06 123
1777443949604 1.034751405307137e-06 124
1777443949607 1.0430420303052508e-06 125
1777443949612 1.023359831761163e-06 126
1777443949616 1.0518574213890226e-06 127
1777443949621 9.95357449641154e-07 128
1777443949625 9.209844826227049e-07 129
1777443949629 9.679392992372902e-07 130
1777443949633 9.091963380816869e-07 131
1777443949638 9.668671285565495e-07 132
1777443949642 8.911741321318677e-07 133
1777443949645 8.81668378549849e-07 134
1777443949648 8.805862479135428e-07 135
1777443949654 8.778425487197756e-07 136
1777443949657 8.506684320559873e-07 137
1777443949661 8.868588977655737e-07 138
1777443949665 8.297109266952274e-07 139
1777443949669 8.880812223967792e-07 140
1777443949674 8.062367695843484e-07 141
1777443949680 8.515462625020017e-07 142
1777443949684 7.99736722166162e-07 143
1777443949689 8.277287637268445e-07 144
1777443949693 8.178447550879197e-07 145
1777443949696 8.074503205574254e-07 146
1777443949700 8.039301460287432e-07 147
1777443949704 7.550676461532008e-07 148
1777443949708 7.477285074908624e-07 149
1777443949712 7.587651828583583e-07 150
1777443949716 7.419323068184578e-07 151
1777443949721 7.396345969699842e-07 152
1777443949725 7.74717649902954e-07 153
1777443949729 7.387148506811924e-07 154
1777443949733 7.198517402645413e-07 155
1777443949737 7.144733848545529e-07 156
1777443949741 7.15788331305795e-07 157
1777443949746 7.129541373892014e-07 158
1777443949750 7.349470192623456e-07 159
1777443949754 7.14877520143394e-07 160
1777443949758 6.937712481411163e-07 161
1777443949762 7.089961078908464e-07 162
1777443949766 6.985835205381116e-07 163
1777443949771 6.7677115194401e-07 164
1777443949775 6.911445607131653e-07 165
1777443949779 6.870970547306174e-07 166
1777443949783 6.834736179529421e-07 167
1777443949787 6.701862167060229e-07 168
1777443949792 6.717601145876119e-07 169
1777443949795 6.590034974143909e-07 170
1777443949799 6.602550140245433e-07 171
1777443949804 6.589243137081001e-07 172
1777443949808 6.574597693833166e-07 173
1777443949813 6.531533375087695e-07 174
1777443949816 6.436741059126465e-07 175
1777443949821 6.463718204281906e-07 176
1777443949825 6.497432662109677e-07 177
1777443949829 6.437506871789346e-07 178
1777443949832 6.36494802705968e-07 179
1777443949837 6.408356067249374e-07 180
1777443949841 6.363223290635147e-07 181
1777443949845 6.372696501771777e-07 182
1777443949849 6.351082426089556e-07 183
1777443949854 6.3112117765701e-07 184
1777443949858 6.269727227054713e-07 185
1777443949861 6.252605379668766e-07 186
1777443949866 6.270211310552638e-07 187
1777443949871 6.229279377926698e-07 188
1777443949875 6.266779689832365e-07 189
1777443949879 6.241936496050018e-07 190
1777443949882 6.211118358700385e-07 191
1777443949887 6.196127674064738e-07 192
1777443949892 6.208357523275375e-07 193
1777443949896 6.195750649791423e-07 194
1777443949899 6.194926436694295e-07 195
1777443949911 6.177031329333778e-07 196
1777443949916 6.1842259267154e-07 197
1777443949922 6.181855704436083e-07 198
1777443949925 6.192264426436336e-07 199
