1777444434088 57028323440.695656 0
1777444434092 222610093.9710145 1
1777444434096 38435082.442028984 2
1777444434100 14430772.050724637 3
1777444434103 10179465.822463768 4
1777444434107 8600625.373188406 5
1777444434110 5745959.108695652 6
1777444434115 4414584.844202898 7
1777444434119 3475873.196557971 8
1777444434123 2660057.7101449277 9
1777444434126 3733569.8106884058 10
1777444434130 1722270.5688405796 11
1777444434134 2167223.785326087 12
1777444434138 5795221.199275362 13
1777444434142 2823901.742753623 14
1777444434146 1022003.0846920289 15
1777444434150 1113007.5688405796 16
1777444434154 1941331.1580615942 17
1777444434163 1384760.552536232 18
1777444434168 1036637.0135869565 19
1777444434173 7072275.522644928 20
1777444434177 4128910.2690217393 21
1777444434180 2671113.6059782607 22
1777444434185 121928390.9365942 23
1777444434189 133134483.9710145 24
1777444434193 14671365.370471014 25
1777444434197 1525329.7644927537 26
1777444434201 492511.68806612317 27
1777444434206 509853.9336503623 28
1777444434209 372481.4495018116 29
1777444434213 499556.89798460144 30
1777444434218 726811.4615036232 31
1777444434223 517088.6304347826 32
1777444434226 785700.305027174 33
1777444434231 617747.7561141305 34
1777444434235 559908.1526268116 35
1777444434240 412259.83876811597 36
1777444434243 393651.3555253623 37
1777444434248 431775.9870923913 38
1777444434252 480941.2443387681 39
1777444434256 1130339.2964221016 40
1777444434259 2361506.541213768 41
1777444434264 2994159.585597826 42
1777444434268 573049.6535326086 43
1777444434271 387577.763134058 44
1777444434276 1838629.9574275361 45
1777444434279 20366567.85326087 46
1777444434282 13337778.226449275 47
1777444434287 109981641.7826087 48
1777444434291 59956612.47463768 49
1777444434294 16208251.84057971 50
1777444434298 2347350.6868206523 51
1777444434303 255158.85965806158 52
1777444434306 306185.3973052536 53
1777444434309 273783.9960371377 54
1777444434313 6511098.161798007 55
1777444434316 10126391.680706521 56
1777444434321 3979665.9936594204 57
1777444434325 4469214.958786231 58
1777444434328 39582818.45199275 59
1777444434333 216085486.28804347 60
1777444434338 1298409.6105072463 61
1777444434341 340923.89526721014 62
1777444434345 310098.2905344203 63
1777444434349 402516.7421308877 64
1777444434354 721402.2623414855 65
1777444434357 750180.0594429348 66
1777444434360 414035.14373867755 67
1777444434365 373737.15789175726 68
1777444434369 354708.2094089674 69
1777444434373 97530.04305366847 70
1777444434377 909357.2458106884 71
1777444434381 24582606.513586957 72
1777444434386 35405504.03985507 73
1777444434389 134828550.07608697 74
1777444434392 53495994.42391305 75
1777444434396 289015600.41485506 76
1777444434400 36777733.47463768 77
1777444434404 4260437.031136775 78
1777444434407 1028358.9031363225 79
1777444434411 74474.35161911232 80
1777444434415 40849.824544270836 81
1777444434420 36679.23973901721 82
1777444434424 57129.752023890396 83
1777444434427 299220.94375566125 84
1777444434432 62624.74307914402 85
1777444434436 74867.96402287138 86
1777444434439 140450.34737318842 87
1777444434443 163712.95066236414 88
1777444434447 89692.18314085146 89
1777444434450 87250.60125113225 90
1777444434454 36723.371419270836 91
1777444434459 32191.640087182972 92
1777444434462 56387.60495923913 93
1777444434466 32346.344117980072 94
1777444434470 1282588.44140625 95
1777444434474 1376983.649116848 96
1777444434478 301010.3029325181 97
1777444434481 996400.6573822463 98
1777444434486 616831.5382699275 99
1777444434489 428290.5450634058 100
1777444434493 6641484.170629529 101
1777444434496 24125154.0625 102
1777444434501 8101186.442934782 103
1777444434505 247335.49145153986 104
1777444434509 671139.8097826086 105
1777444434511 2972848.646512681 106
1777444434515 2591579.449445199 107
1777444434520 433786.4664288949 108
1777444434524 260921.88108582428 109
1777444434527 396257.76299252716 110
1777444434530 222338.69565217392 111
1777444434535 2563436.5450634058 112
1777444434539 2068328.0339673914 113
1777444434543 137473003.90942028 114
1777444434546 2921390.119338768 115
1777444434550 338841.0444972826 116
1777444434554 81114.47944972826 117
1777444434558 30204.11965721241 118
1777444434562 73774.6483667346 119
1777444434566 230006.6227779665 120
1777444434570 48098.73015738225 121
1777444434574 123305.60273720561 122
1777444434577 523884.0776437953 123
1777444434581 90626.60950237772 124
1777444434585 24959.730850883152 125
1777444434589 24428.78178074049 126
1777444434592 202517.1291751585 127
1777444434595 2122547.1778759058 128
1777444434600 354466.4396654212 129
1777444434604 578370.3750566123 130
1777444434608 302978.9345561594 131
1777444434611 75791.54750481204 132
1777444434614 58636.69034476902 133
1777444434619 49889.00750113225 134
1777444434623 22404.695722939312 135
1777444434626 31480.318292147873 136
1777444434631 15546.342391304348 137
1777444434635 59990.642592278076 138
1777444434639 181608.6822633605 139
1777444434642 41720.04020536118 140
1777444434646 24232.443561056385 141
1777444434651 236867.67911430026 142
1777444434654 146827.54759680707 143
1777444434658 16331.261304772419 144
1777444434662 15519.029417176178 145
1777444434666 15448.760087607563 146
1777444434670 78763.88731317935 147
1777444434673 54557.77346580616 148
1777444434678 22110.05763134058 149
1777444434682 35175.780344202896 150
1777444434685 16194.778108016304 151
1777444434690 16843.258951822918 152
1777444434695 12942.555494225544 153
1777444434699 36999.44829879982 154
1777444434703 18465.724545686142 155
1777444434707 35650.4102977808 156
1777444434710 43050.356310858246 157
1777444434715 9577.779576398325 158
1777444434720 14960.626302083334 159
1777444434723 158546.6777909873 160
1777444434727 89082.490588202 161
1777444434730 35066.42425979393 162
1777444434735 26390.834861865944 163
1777444434739 13871.087678328804 164
1777444434743 7268.997346297554 165
1777444434746 21227.855231685913 166
1777444434750 9081.704374009285 167
1777444434754 13577.027534816576 168
1777444434758 6571.968937528306 169
1777444434761 7093.789957682292 170
1777444434765 12357.003754104393 171
1777444434770 5731.474471382473 172
1777444434773 4481.1288938660555 173
1777444434777 5147.212890625 174
1777444434780 5472.3143204398775 175
1777444434784 6775.8076260331745 176
1777444434788 4807.345239611639 177
1777444434791 4956.8795449077215 178
1777444434795 4997.8813989611635 179
1777444434800 4073.817142210145 180
1777444434804 3959.603418322577 181
1777444434806 3713.3443108157835 182
1777444434811 3862.2237141927085 183
1777444434814 3770.2244324615035 184
1777444434819 4375.100334720335 185
1777444434823 3505.5115798729053 186
1777444434827 3458.266350345335 187
1777444434830 3431.8620446246605 188
1777444434836 3521.875633350317 189
1777444434839 3467.6572973278985 190
1777444434842 3154.424118263134 191
1777444434846 3160.127306951993 192
1777444434851 3092.3630061495132 193
1777444434855 3060.8677076256795 194
1777444434859 2989.488573378411 195
1777444434862 3010.854345349298 196
1777444434867 2976.0248669610505 197
1777444434871 2964.52344457654 198
1777444434874 2927.3563197039175 199
