1777444187179 23171186117.101448 0
1777444187185 34102786.07427536 1
1777444187190 5170449.987318841 2
1777444187194 3275958.4148550723 3
1777444187199 2730750.8487318843 4
1777444187203 2429718.3768115942 5
1777444187208 2115818.527173913 6
1777444187212 1750412.4678442029 7
1777444187217 1715395.2830615942 8
1777444187222 1472384.9239130435 9
1777444187227 1240477.2554347827 10
1777444187231 1434299.2604166667 11
1777444187236 1038026.1918025363 12
1777444187240 1020749.3269927537 13
1777444187246 973583.8242753623 14
1777444187249 754765.041893116 15
1777444187255 699790.5101902174 16
1777444187260 755961.7201086957 17
1777444187272 871459.064990942 18
1777444187278 713173.0180027174 19
1777444187282 916398.3444293478 20
1777444187287 590847.0991847826 21
1777444187292 676726.6009963768 22
1777444187297 708906.1127717391 23
1777444187302 452923.96671195654 24
1777444187306 491841.58152173914 25
1777444187311 588153.1777626812 26
1777444187315 772956.551856884 27
1777444187321 678942.3940217391 28
1777444187325 434911.1982563406 29
1777444187331 404359.8614696558 30
1777444187337 327365.6513813406 31
1777444187342 575456.4959239131 32
1777444187346 237396.0285326087 33
1777444187352 389251.3740375906 34
1777444187358 478602.578125 35
1777444187364 1562201.6816123188 36
1777444187369 1317163.227807971 37
1777444187373 357784.8792459239 38
1777444187378 389773.76234148553 39
1777444187383 907517.7689085145 40
1777444187389 1106732.4027966484 41
1777444187393 1414325.1620244565 42
1777444187397 1601663.4070991848 43
1777444187402 50399509.54347826 44
1777444187407 1287173.803102355 45
1777444187412 675103.6991621377 46
1777444187415 4333295.433650362 47
1777444187421 2493350.9397644927 48
1777444187426 4108681.3582427534 49
1777444187429 12844897.066576088 50
1777444187435 1515039.3419384058 51
1777444187440 8595923.112771738 52
1777444187443 92867792.37998189 53
1777444187447 190310439.10144928 54
1777444187453 233379209.05072463 55
1777444187457 4811036.37035779 56
1777444187462 219088.78744904892 57
1777444187466 95290.0911741395 58
1777444187471 79809.85716711957 59
1777444187476 55148.27938179348 60
1777444187481 65085.99852807971 61
1777444187486 154057.67896569293 62
1777444187491 237515.06524569745 63
1777444187496 28286.849057404892 64
1777444187501 200575.04296875 65
1777444187506 119424.35462664175 66
1777444187511 86931.48682348279 67
1777444187514 84578.35730157382 68
1777444187520 137423.62651437952 69
1777444187527 222048.79001075635 70
1777444187532 1408471.5644814312 71
1777444187537 5880484.6317934785 72
1777444187540 52367881.67572464 73
1777444187545 1625083.393257473 74
1777444187550 336626.15784929803 75
1777444187555 490042.1886888587 76
1777444187559 179442.05239470108 77
1777444187563 258467.72361865942 78
1777444187568 59316.87637992527 79
1777444187573 31412.499702785328 80
1777444187578 64810.50002122962 81
1777444187583 34658.63763162364 82
1777444187588 97717.25775588768 83
1777444187595 482325.24097033514 84
1777444187598 84261225.15220222 85
1777444187604 239642576.60416666 86
1777444187609 1148081.9204526155 87
1777444187615 10811.565843665081 88
1777444187621 11619.72489066746 89
1777444187627 18926.97487297611 90
1777444187632 15414.544713117075 91
1777444187638 31590.929510586502 92
1777444187644 16208.403939509737 93
1777444187649 9617.683399145153 94
1777444187653 21277.112131312275 95
1777444187658 38729.23534802423 96
1777444187662 22257.10377214957 97
1777444187666 6726.053195234658 98
1777444187672 5622.507132267607 99
1777444187678 5789.8354014521055 100
1777444187683 17465.810773324276 101
1777444187689 7445.165445078974 102
1777444187694 10219.672368588655 103
1777444187700 13771.954650436623 104
1777444187705 6403.05725186113 105
1777444187710 5330.9503279976225 106
1777444187715 6395.444977248924 107
1777444187722 18788.925811325294 108
1777444187725 7544.763162806415 109
1777444187730 13573.729151629019 110
1777444187735 9429.419463669044 111
1777444187741 2459.547764432603 112
1777444187746 8169.262171648551 113
1777444187751 5872.525601594344 114
1777444187756 6954.6579395238905 115
1777444187760 19031.439123181328 116
1777444187766 6919.078037427819 117
1777444187771 515832.13863295404 118
1777444187776 341549.5808282382 119
1777444187781 143098.502306952 120
1777444187787 34717.99423262002 121
1777444187793 10263.3211802607 122
1777444187797 9271.782154912535 123
1777444187802 713959.9508251245 124
1777444187807 7775396.648550725 125
1777444187812 4596143.081918025 126
1777444187816 17033816.775249094 127
1777444187821 667196.323157269 128
1777444187825 13660.216738493546 129
1777444187828 6424.408988620924 130
1777444187834 7814.9702166128845 131
1777444187838 64691.22438292573 132
1777444187842 4708.950273596723 133
1777444187846 7029.7908900164175 134
1777444187850 4201.394561767578 135
1777444187856 10780.37963469132 136
1777444187860 3623.887171206267 137
1777444187865 9263.899086772532 138
1777444187869 2881.1503251670065 139
1777444187874 4459.958341736725 140
1777444187878 26005.5353384709 141
1777444187883 2761.0426441137342 142
1777444187888 4965.342330269192 143
1777444187892 3333.685408882473 144
1777444187897 3390.9677477850432 145
1777444187903 3060.524789561396 146
1777444187908 2530.1938202346582 147
1777444187913 8878.449633169865 148
1777444187916 8526.13869310462 149
1777444187921 7755.44760618348 150
1777444187926 2294.0476237863736 151
1777444187931 1838.49865457286 152
1777444187935 9692.147701539856 153
1777444187940 1582.79956231601 154
1777444187944 3479.541427170021 155
1777444187949 5139.96535326087 156
1777444187954 5963.650110217108 157
1777444187959 2165.1261618793874 158
1777444187963 4280.3739214910975 159
1777444187968 2639.1992687280626 160
1777444187973 1857.0044692772021 161
1777444187978 2048.5097063589787 162
1777444187981 4224.590916288072 163
1777444187988 2099.223373191944 164
1777444187992 1246.5674672886946 165
1777444187997 1091.8674227949502 166
1777444188002 1356.6382700602214 167
1777444188006 1428.3265856314397 168
1777444188010 1986.106612495754 169
1777444188015 1102.7713008272476 170
1777444188021 1060.1651866746986 171
1777444188025 838.5978948620782 172
1777444188028 1241.367043868355 173
1777444188033 3298.101983996405 174
1777444188039 1050.0511824013531 175
1777444188043 850.1692518151325 176
1777444188046 874.8880256984545 177
1777444188052 806.8799409728119 178
1777444188057 928.6044990428979 179
1777444188061 845.5560212066208 180
1777444188064 858.2179722440416 181
1777444188070 745.7029896611753 182
1777444188075 648.9675226626189 183
1777444188079 640.3494539122651 184
1777444188084 677.3501802527386 185
1777444188088 668.1127137999604 186
1777444188092 635.4141688692397 187
1777444188096 591.6576261658599 188
1777444188099 639.5469622404679 189
1777444188104 663.9217447474383 190
1777444188107 583.2299794736116 191
1777444188112 569.5228574448738 192
1777444188115 583.3092352825662 193
1777444188121 557.3035665318586 194
1777444188125 564.0163022469783 195
1777444188128 544.7570125192835 196
1777444188133 540.5146190256312 197
1777444188138 540.4140029022659 198
1777444188142 537.1752593551857 199
