1777445914363 19227881692.52174 0
1777445914369 165038576.057971 1
1777445914373 91319185.79710145 2
1777445914377 61911271.79710145 3
1777445914381 46195336.26086956 4
1777445914385 35995003.20289855 5
1777445914389 26917977.347826086 6
1777445914393 23670987.4057971 7
1777445914398 27551075.347826086 8
1777445914402 20757378.86956522 9
1777445914406 19115972.057971016 10
1777445914410 26998958.260869566 11
1777445914415 13463533.652173912 12
1777445914419 49498336.26086956 13
1777445914422 35890849.06521739 14
1777445914427 14771132.56521739 15
1777445914431 11386419.579710145 16
1777445914436 14003605.86231884 17
1777445914445 12990736.014492754 18
1777445914450 12397550.829710145 19
1777445914453 21789709.485507246 20
1777445914457 11099344.369565217 21
1777445914461 17324343.739130434 22
1777445914465 37774345.5 23
1777445914470 38866282.23913044 24
1777445914472 30690291.22826087 25
1777445914476 36767823.268115945 26
1777445914480 206833003.057971 27
1777445914484 103668267.24637681 28
1777445914488 24280833.235507246 29
1777445914491 11076929.829710145 30
1777445914496 8057622.481884058 31
1777445914500 5518978.855072464 32
1777445914503 4431017.682971015 33
1777445914507 4846921.108695652 34
1777445914512 5320734.731884058 35
1777445914516 4216079.059782608 36
1777445914520 7955315.375 37
1777445914524 33510440.855072465 38
1777445914529 9723980.347826088 39
1777445914533 4771667.295289855 40
1777445914536 6348279.327898551 41
1777445914540 5003149.835144928 42
1777445914544 9029815.458333334 43
1777445914548 10669643.074275363 44
1777445914552 29386368.760869566 45
1777445914556 97897789.26086956 46
1777445914560 126303852.11594203 47
1777445914565 26508837.485507246 48
1777445914568 32257982.95652174 49
1777445914571 12168351.668478262 50
1777445914575 5307793.177536231 51
1777445914581 3283353.044384058 52
1777445914584 3726033.224637681 53
1777445914588 4782719.8786231885 54
1777445914591 5243774.922101449 55
1777445914596 4279861.432065218 56
1777445914600 3381295.7608695654 57
1777445914604 3055413.922101449 58
1777445914608 2618618.984601449 59
1777445914612 23366037.77173913 60
1777445914616 24964993.029891305 61
1777445914620 38613591.01449275 62
1777445914624 117502071.4057971 63
1777445914627 31670440.876811594 64
1777445914633 42027880.56884058 65
1777445914637 4942267.786684782 66
1777445914641 3212678.927536232 67
1777445914644 2024648.1286231885 68
1777445914648 1470633.8509963767 69
1777445914652 7516905.438405797 70
1777445914656 2157479.837862319 71
1777445914660 1449934.4519927537 72
1777445914664 1826184.4510869565 73
1777445914668 1740138.3555253623 74
1777445914671 2120108.0688405796 75
1777445914675 2949611.154891304 76
1777445914680 3509229.5317028984 77
1777445914684 4184351.247282609 78
1777445914687 1226713.3752264492 79
1777445914691 1228775.9551630435 80
1777445914695 4309316.173007246 81
1777445914700 12077049.030797102 82
1777445914703 20321364.192028984 83
1777445914706 10136751.401268115 84
1777445914710 1954611.964673913 85
1777445914715 1243960.5131340579 86
1777445914719 1798728.4384057971 87
1777445914723 53351251.291666664 88
1777445914725 166703082.08695653 89
1777445914731 20781664.51811594 90
1777445914735 1691690.7010869565 91
1777445914738 1509405.1585144927 92
1777445914742 949862.2445652174 93
1777445914746 869511.679347826 94
1777445914750 1429131.9782608696 95
1777445914753 1401076.0538949275 96
1777445914757 1015916.0353260869 97
1777445914760 681418.6571557971 98
1777445914766 530621.3408061594 99
1777445914769 684599.6490036232 100
1777445914772 803090.5076992754 101
1777445914776 649248.8351449275 102
1777445914781 1020132.0271739131 103
1777445914784 988919.6999547102 104
1777445914788 430923.8933423913 105
1777445914792 725709.0323822463 106
1777445914796 918834.1954257246 107
1777445914800 603216.5792572463 108
1777445914803 381502.1734601449 109
1777445914807 757457.9947916666 110
1777445914810 1188654.4920742754 111
1777445914815 1070692.5124547102 112
1777445914819 1543169.131567029 113
1777445914822 1231501.6913496377 114
1777445914826 644029.6992753623 115
1777445914831 2001884.4864130435 116
1777445914834 485597.7869112319 117
1777445914838 1257521.8611865942 118
1777445914843 10659463.524456521 119
1777445914847 1771708.4291213767 120
1777445914851 487485.5237771739 121
1777445914854 678007.1632699275 122
1777445914858 396611.6123188406 123
1777445914862 738325.0652173914 124
1777445914866 356479.89651268115 125
1777445914870 216798.0009057971 126
1777445914873 1061562.0318161233 127
1777445914876 1111498.477807971 128
1777445914882 2012443.6852355073 129
1777445914885 1255739.4938858696 130
1777445914889 517153.6186594203 131
1777445914893 698603.5009057971 132
1777445914898 276593.71014492755 133
1777445914901 469778.199048913 134
1777445914905 465578.217504529 135
1777445914909 636396.7223731884 136
1777445914913 202694.06691576086 137
1777445914917 530928.6179800725 138
1777445914920 274692.6923686594 139
1777445914924 277240.3753396739 140
1777445914928 238749.59725996378 141
1777445914932 406840.24535778986 142
1777445914935 339583.3713768116 143
1777445914941 462661.3502038043 144
1777445914943 375849.61905570654 145
1777445914948 249009.40409873187 146
1777445914951 186031.3749433877 147
1777445914955 177394.41298686594 148
1777445914959 1171582.8001585144 149
1777445914964 285266.967504529 150
1777445914968 213012.9107789855 151
1777445914973 241183.31895380435 152
1777445914976 264893.0730865036 153
1777445914982 147092.64311594202 154
1777445914985 223597.8155004529 155
1777445914988 147653.46410778986 156
1777445914992 277570.9444067029 157
1777445914996 290915.46829710144 158
1777445915001 192766.06567028986 159
1777445915004 211265.83752264493 160
1777445915007 241514.84544836957 161
1777445915012 155039.46399456522 162
1777445915015 136635.26873867755 163
1777445915019 119011.77604166667 164
1777445915023 152409.326879529 165
1777445915026 105788.60275135869 166
1777445915032 141507.98545063406 167
1777445915035 101927.38179347826 168
1777445915038 122608.73312952899 169
1777445915042 120779.98896059782 170
1777445915047 97318.42600769928 171
1777445915051 85378.32603034421 172
1777445915055 95237.93319746378 173
1777445915059 77923.71008831522 174
1777445915063 80416.6946897645 175
1777445915067 90287.6512964221 176
1777445915070 78800.51392663043 177
1777445915073 76059.90868432971 178
1777445915077 84482.07305819746 179
1777445915082 77262.15783514493 180
1777445915085 70734.1643455616 181
1777445915088 66110.87364130435 182
1777445915093 69354.30163043478 183
1777445915098 70386.17513020833 184
1777445915101 66677.13915307971 185
1777445915105 68152.83106884058 186
1777445915109 64652.494961503624 187
1777445915113 64769.73788496377 188
1777445915116 63335.85549705616 189
1777445915120 62496.78071218297 190
1777445915124 62719.459946784424 191
1777445915129 60756.368008378624 192
1777445915133 61653.494140625 193
1777445915136 60580.305536684784 194
1777445915139 59785.93766983696 195
1777445915143 59798.00158514493 196
1777445915148 59311.325152853264 197
1777445915151 58978.25186820652 198
1777445915155 58716.945935235504 199
