1777402146405 0.001 0
1777402147327 0.0009999383162408303 1
1777402148064 0.0009997532801828658 2
1777402148959 0.0009994449374809851 3
1777402149810 0.0009990133642141358 4
1777402150536 0.000998458666866564 5
1777402151399 0.00099778098230154 6
1777402152269 0.0009969804777275899 7
1777402153013 0.000996057350657239 8
1777402153873 0.0009950118288582787 9
1777402154733 0.0009938441702975688 10
1777402155429 0.000992554663077387 11
1777402156280 0.0009911436253643444 12
1777402157142 0.0009896114053108828 13
1777402157846 0.0009879583809693736 14
1777402158760 0.0009861849601988382 15
1777402159595 0.0009842915805643154 16
1777402160371 0.000982278709228899 17
1777402161258 0.0009801468428384714 18
1777402162099 0.0009778965073991648 19
1777402162861 0.0009755282581475766 20
1777402163731 0.0009730426794137723 21
1777402164487 0.0009704403844771124 22
1777402165368 0.0009677220154149334 23
1777402166608 0.0009648882429441253 24
1777402167717 0.000961939766255643 25
1777402168864 0.0009588773128419901 26
1777402169904 0.0009557016383177221 27
1777402170757 0.0009524135262330093 28
1777402171800 0.0009490137878803073 29
1777402172829 0.0009455032620941834 30
1777402173665 0.0009418828150443463 31
1777402174716 0.0009381533400219311 32
1777402175765 0.0009343157572190951 33
1777402176642 0.0009303710135019713 34
1777402177660 0.0009263200821770456 35
1777402178694 0.000922163962751007 36
1777402179561 0.0009179036806841347 37
1777402180540 0.0009135402871372803 38
1777402181586 0.0009090748587125112 39
1777402182472 0.0009045084971874732 40
1777402183488 0.0008998423292435448 41
1777402184597 0.0008950775061878447 42
1777402185544 0.0008902152036691643 43
1777402186631 0.000885256621387894 44
1777402187736 0.0008802029828000149 45
1777402188706 0.0008750555348152292 46
1777402189594 0.0008698155474893041 47
1777402190496 0.0008644843137107051 48
1777402191294 0.0008590631488815939 49
1777402192186 0.0008535533905932731 50
1777402193018 0.0008479563982961564 51
1777402194017 0.0008422735529643437 52
1777402194858 0.000836506256754886 53
1777402195605 0.0008306559326618253 54
1777402196523 0.0008247240241650912 55
1777402197519 0.0008187119948743442 56
1777402198442 0.000812621328167852 57
1777402199642 0.0008064535268264877 58
1777402200908 0.0008002101126629415 59
1777402201887 0.000793892626146236 60
1777402202982 0.0007875026260216388 61
1777402204029 0.0007810416889260649 62
1777402204988 0.0007745114089990654 63
1777402206041 0.0007679133974894978 64
1777402207039 0.0007612492823579739 65
1777402208001 0.0007545207078751852 66
1777402209045 0.0007477293342162034 67
1777402210093 0.0007408768370508571 68
1777402210960 0.0007339649071302863 69
1777402211984 0.0007269952498697729 70
1777402213054 0.000719969584927957 71
1777402213980 0.0007128896457825358 72
1777402215009 0.0007057571793025539 73
1777402216108 0.0006985739453173898 74
1777402217016 0.0006913417161825444 75
1777402218050 0.0006840622763423385 76
1777402219035 0.000676737421889628 77
1777402220315 0.0006693689601226452 78
1777402221448 0.0006619587090990741 79
1777402222412 0.0006545084971874731 80
1777402223510 0.0006470201626161514 81
1777402224624 0.0006394955530196142 82
1777402225541 0.0006319365249826858 83
1777402226684 0.0006243449435824268 84
1777402227874 0.0006167226819279523 85
1777402228874 0.0006090716206982709 86
1777402229857 0.0006013936476782558 87
1777402230799 0.000593690657292862 88
1777402231818 0.0005859645501397043 89
1777402233107 0.000578217232520115 90
1777402234231 0.000570450615968791 91
1777402235193 0.0005626666167821518 92
1777402236282 0.0005548671555455222 93
1777402237369 0.0005470541566592567 94
1777402238257 0.000539229547863922 95
1777402239293 0.0005313952597646562 96
1777402240310 0.0005235532253548208 97
1777402241274 0.0005157053795390637 98
1777402242363 0.0005078536586559099 99
1777402243445 0.0004999999999999996 100
1777402244359 0.0004921463413440893 101
1777402245462 0.0004842946204609354 102
1777402246420 0.00047644677464517824 103
1777402247542 0.00046860474023534287 104
1777402248574 0.00046077045213607716 105
1777402249552 0.0004529458433407424 106
1777402250552 0.000445132844454477 107
1777402251648 0.0004373333832178475 108
1777402252532 0.0004295493840312084 109
1777402253605 0.0004217827674798842 110
1777402254635 0.00041403544986029484 111
1777402255601 0.0004063093427071374 112
1777402256684 0.00039860635232174353 113
1777402257803 0.0003909283793017286 114
1777402258733 0.000383277318072047 115
1777402259802 0.00037565505641757235 116
1777402260900 0.0003680634750173133 117
1777402261813 0.00036050444698038515 118
1777402262882 0.0003529798373838478 119
1777402263997 0.0003454915028125262 120
1777402264944 0.00033804129090092506 121
1777402266048 0.0003306310398773541 122
1777402267165 0.00032326257811037126 123
1777402268137 0.0003159377236576609 124
1777402269192 0.000308658283817455 125
1777402270252 0.0003014260546826094 126
1777402271175 0.0002942428206974454 127
1777402272312 0.00028711035421746345 128
1777402273461 0.0002800304150720422 129
1777402274502 0.0002730047501302264 130
1777402275637 0.0002660350928697132 131
1777402276602 0.0002591231629491421 132
1777402277712 0.00025227066578379596 133
1777402278995 0.0002454792921248141 134
1777402279980 0.00023875071764202534 135
1777402281072 0.0002320866025105013 136
1777402282095 0.0002254885910009338 137
1777402282960 0.0002189583110739344 138
1777402284177 0.00021249737397836048 139
1777402285261 0.00020610737385376327 140
1777402286160 0.00019978988733705783 141
1777402287262 0.00019354647317351147 142
1777402288325 0.00018737867183214719 143
1777402289285 0.0001812880051256549 144
1777402290390 0.00017527597583490801 145
1777402291444 0.00016934406733817395 146
1777402292405 0.0001634937432451131 147
1777402293572 0.00015772644703565544 148
1777402294668 0.00015204360170384266 149
1777402295615 0.0001464466094067261 150
1777402296669 0.00014093685111840547 151
1777402297768 0.00013551568628929414 152
1777402298718 0.00013018445251069497 153
1777402299865 0.0001249444651847701 154
1777402301055 0.00011979701719998438 155
1777402302030 0.00011474337861210527 156
1777402302981 0.00010978479633083506 157
1777402303893 0.00010492249381215464 158
1777402304648 0.00010015767075645462 159
1777402305684 9.549150281252619e-05 160
1777402306555 9.092514128748822e-05 161
1777402307454 8.645971286271907e-05 162
1777402308449 8.209631931586485e-05 163
1777402309358 7.783603724899246e-05 164
1777402310394 7.367991782295392e-05 165
1777402311364 6.962898649802802e-05 166
1777402312228 6.568424278090424e-05 167
1777402313197 6.184665997806812e-05 168
1777402314147 5.811718495565318e-05 169
1777402315001 5.449673790581603e-05 170
1777402316029 5.098621211969216e-05 171
1777402317154 4.7586473766990253e-05 172
1777402318263 4.4298361682277405e-05 173
1777402319449 4.1122687158009486e-05 174
1777402320602 3.8060233744356686e-05 175
1777402321572 3.511175705587427e-05 176
1777402322653 3.2277984585066264e-05 177
1777402323699 2.955961552288723e-05 178
1777402324627 2.6957320586227313e-05 179
1777402325711 2.44717418524232e-05 180
1777402326886 2.210349260083491e-05 181
1777402327833 1.9853157161528496e-05 182
1777402328962 1.7721290771100992e-05 183
1777402330083 1.5708419435684497e-05 184
1777402331003 1.3815039801161704e-05 185
1777402332038 1.2041619030626323e-05 186
1777402332964 1.0388594689117057e-05 187
1777402333994 8.856374635655629e-06 188
1777402335061 7.445336922613057e-06 189
1777402336026 6.155829702431163e-06 190
1777402337104 4.988171141721226e-06 191
1777402338198 3.942649342761113e-06 192
1777402339154 3.0195222724101985e-06 193
1777402340183 2.219017698459999e-06 194
1777402341261 1.5413331334360161e-06 195
1777402342198 9.866357858642194e-07 196
1777402343260 5.550625190150475e-07 197
1777402344297 2.4671981713419966e-07 198
1777402345189 6.168375916970607e-08 199
1777402146405 0.001 0
