1777402146400 7.268562755722931 0
1777402147317 0.5781717313372571 1
1777402148058 0.43461099094238836 2
1777402148953 0.33885448479997937 3
1777402149800 0.27729338321132935 4
1777402150532 0.2346997550432233 5
1777402151390 0.203475220479827 6
1777402152263 0.18030320583046347 7
1777402153009 0.167302163614743 8
1777402153867 0.15011470667693927 9
1777402154729 0.14745237753875012 10
1777402155425 0.13353247800167056 11
1777402156274 0.1226501390337944 12
1777402157136 0.11458817405113275 13
1777402157841 0.13335634627635928 14
1777402158745 0.12107557943765668 15
1777402159583 0.11426932613054912 16
1777402160365 0.10865856491137242 17
1777402161241 0.10139982326739076 18
1777402162093 0.09419172797082127 19
1777402162858 0.09629582149395044 20
1777402163725 0.08968347429797269 21
1777402164472 0.08251276828240657 22
1777402165361 0.07949887205293213 23
1777402166602 0.09703962364490482 24
1777402167710 0.08571096412513567 25
1777402168859 0.07644058159296063 26
1777402169899 0.06990272044271663 27
1777402170751 0.0648092278211877 28
1777402171793 0.06474803766046745 29
1777402172823 0.057532298554112946 30
1777402173659 0.05444429129146147 31
1777402174709 0.05110331775917523 32
1777402175759 0.06832162425785825 33
1777402176636 0.056133328086656074 34
1777402177655 0.049265284685121064 35
1777402178688 0.04721651210085205 36
1777402179556 0.044059838181820465 37
1777402180535 0.04312275566052699 38
1777402181581 0.04173558783056079 39
1777402182466 0.03983012079328731 40
1777402183482 0.039305650939544044 41
1777402184589 0.036760482991087265 42
1777402185539 0.039653893074263695 43
1777402186625 0.04395534800014634 44
1777402187730 0.045782993021218674 45
1777402188700 0.03727741615063902 46
1777402189591 0.0328613538025082 47
1777402190490 0.03166832183690175 48
1777402191288 0.030268588899702267 49
1777402192179 0.03046729925857938 50
1777402193013 0.02859473366128362 51
1777402194010 0.02827638814198798 52
1777402194853 0.029365993820238804 53
1777402195600 0.02579344371738641 54
1777402196519 0.025184070556492046 55
1777402197513 0.024399452370362007 56
1777402198437 0.026043762817330982 57
1777402199636 0.030682973239732826 58
1777402200902 0.025140660855433216 59
1777402201880 0.025481800508239994 60
1777402202976 0.02314645235521206 61
1777402204022 0.021122731079441914 62
1777402204982 0.025038062743302704 63
1777402206034 0.023081679599008698 64
1777402207033 0.02093439327849858 65
1777402207996 0.02037844806909561 66
1777402209039 0.02187103335408197 67
1777402210088 0.02235535818381586 68
1777402210955 0.019351515972959824 69
1777402211978 0.022834221252064774 70
1777402213047 0.017987317675589653 71
1777402213974 0.016830437479243763 72
1777402215004 0.017231803144449772 73
1777402216102 0.015849973763460697 74
1777402217011 0.01605233963093032 75
1777402218044 0.019172903055838054 76
1777402219030 0.016794875898546932 77
1777402220309 0.014811269668997198 78
1777402221442 0.020664578776104725 79
1777402222406 0.019992817490213158 80
1777402223504 0.01656376314012037 81
1777402224618 0.014058980564384357 82
1777402225536 0.013476731795547665 83
1777402226677 0.013480920951975428 84
1777402227869 0.01299674109812232 85
1777402228865 0.013200129098866297 86
1777402229852 0.01399898728814678 87
1777402230793 0.012077303535804369 88
1777402231811 0.012128498702161554 89
1777402233102 0.011621272528841011 90
1777402234225 0.011944426817522533 91
1777402235186 0.0126466593178718 92
1777402236275 0.011332941835449226 93
1777402237364 0.011048456168045168 94
1777402238252 0.011366813430103703 95
1777402239288 0.010943479889976805 96
1777402240304 0.010799168771051842 97
1777402241268 0.010259176874398321 98
1777402242357 0.010589458635481804 99
1777402243439 0.01038650084502887 100
1777402244352 0.01023671499359003 101
1777402245456 0.009790318950578787 102
1777402246411 0.009456836416021637 103
1777402247536 0.009129285319721785 104
1777402248568 0.00892689643913637 105
1777402249543 0.009821368516355322 106
1777402250546 0.009774426895909119 107
1777402251642 0.008751252605377333 108
1777402252526 0.009171647539335316 109
1777402253599 0.008568695017501064 110
1777402254628 0.028653382080728592 111
1777402255596 0.014338888403406178 112
1777402256679 0.010377481309832006 113
1777402257797 0.009581785838025204 114
1777402258726 0.008525585141572832 115
1777402259797 0.008131248775221731 116
1777402260895 0.008078768471444862 117
1777402261805 0.008144384999152111 118
1777402262876 0.007654147445345702 119
1777402263990 0.007451359094862921 120
1777402264939 0.007348969895932553 121
1777402266042 0.007668016113988731 122
1777402267159 0.007260706478162952 123
1777402268131 0.00710748897973394 124
1777402269187 0.006933649650950363 125
1777402270246 0.0069532135123575945 126
1777402271170 0.006622505354006653 127
1777402272305 0.0065740608218787374 128
1777402273454 0.006702739630650351 129
1777402274496 0.006547753645134145 130
1777402275631 0.0062815212590646916 131
1777402276597 0.006202697247752677 132
1777402277706 0.006187547430180121 133
1777402278990 0.006060494562152071 134
1777402279974 0.006166398113566464 135
1777402281066 0.006156640640203504 136
1777402282089 0.005866442962239186 137
1777402282954 0.005706376598581024 138
1777402284170 0.005782614077400902 139
1777402285254 0.005763896248316852 140
1777402286153 0.005656949386162602 141
1777402287255 0.005501939982607745 142
1777402288319 0.005545598421029855 143
1777402289279 0.0053866622173159885 144
1777402290384 0.005518870947855538 145
1777402291439 0.00530663415438671 146
1777402292398 0.005353304220066554 147
1777402293568 0.005308855763650027 148
1777402294661 0.005408584686887005 149
1777402295609 0.005114922401211832 150
1777402296663 0.005107922668474308 151
1777402297763 0.005013595098980527 152
1777402298712 0.004938250434571418 153
1777402299857 0.0049339660740309 154
1777402301047 0.004902041469957086 155
1777402302023 0.004846556260641934 156
1777402302976 0.004793309977791016 157
1777402303889 0.004829876182222928 158
1777402304643 0.004894113849740529 159
1777402305676 0.00467435996034655 160
1777402306549 0.004689486818793027 161
1777402307448 0.004656063038450869 162
1777402308442 0.004613745667418276 163
1777402309353 0.0045931997567253266 164
1777402310387 0.0045450324752786455 165
1777402311358 0.004472608057161172 166
1777402312222 0.004461391029231574 167
1777402313192 0.004472278443205616 168
1777402314141 0.004417240876110567 169
1777402314995 0.004425814061466119 170
1777402316022 0.004563309346744116 171
1777402317147 0.004392845249073445 172
1777402318256 0.004341202534978156 173
1777402319441 0.004324911506441625 174
1777402320596 0.004282183982296914 175
1777402321566 0.004280999269120503 176
1777402322649 0.004303417394639573 177
1777402323693 0.004256103673706884 178
1777402324620 0.004214395866796806 179
1777402325701 0.00422229219659947 180
1777402326880 0.004185431913567194 181
1777402327828 0.004202577727509366 182
1777402328955 0.004157499352847968 183
1777402330076 0.004164248650920564 184
1777402330998 0.004146734789094847 185
1777402332032 0.004143830132333265 186
1777402332958 0.004132366968669753 187
1777402333988 0.004126930285407149 188
1777402335055 0.004113639580031884 189
1777402336020 0.0040923698629806 190
1777402337098 0.0040994949395889825 191
1777402338192 0.004102864592889513 192
1777402339149 0.004080696068569154 193
1777402340178 0.004084311283962882 194
1777402341256 0.00407607474134884 195
1777402342192 0.004076769403384432 196
1777402343255 0.004080545109953137 197
1777402344291 0.0040767639841668415 198
1777402345184 0.004071725110617885 199
1777402146400 7.268562755722931 0
