1777444998561 17133088622.594202 0
1777444998567 7802926.398550725 1
1777444998572 1664233.2871376812 2
1777444998576 953219.8111413043 3
1777444998581 670915.4565217391 4
1777444998586 505250.3922101449 5
1777444998590 372471.6708559783 6
1777444998595 325680.683423913 7
1777444998600 283473.8880774457 8
1777444998605 264293.1664402174 9
1777444998610 189624.49892436594 10
1777444998622 195455.08639039856 11
1777444998627 218779.91757246378 12
1777444998634 183564.65160778986 13
1777444998639 139710.21524003622 14
1777444998645 170343.28793025363 15
1777444998651 149698.38417119565 16
1777444998656 106832.44998301631 17
1777444998661 123594.54608242754 18
1777444998667 104092.15692934782 19
1777444998672 126973.96683933424 20
1777444998676 117950.9782325634 21
1777444998682 153676.1699784873 22
1777444998687 97410.04998867754 23
1777444998691 78977.19720901268 24
1777444998695 78146.61401721014 25
1777444998700 108480.65837296196 26
1777444998705 106586.57368093297 27
1777444998710 171955.7049365942 28
1777444998715 113442.47719938858 29
1777444998720 115380.27533401268 30
1777444998725 100348.83820199275 31
1777444998730 62581.21637228261 32
1777444998735 107521.81834522192 33
1777444998739 65814.59707597372 34
1777444998744 133790.48547894022 35
1777444998750 89834.71676856885 36
1777444998755 178868.47248641305 37
1777444998759 5801898.908061594 38
1777444998762 10487447.213315217 39
1777444998768 295267.7366677989 40
1777444998772 128928.50611413043 41
1777444998777 146270.01892266757 42
1777444998780 420253.24649003625 43
1777444998785 1261874.6611186594 44
1777444998789 8312458.869678442 45
1777444998793 303626.6519191576 46
1777444998798 667118.3249122509 47
1777444998802 980334.0656702898 48
1777444998806 398970.1427762681 49
1777444998812 343529135.61141306 50
1777444998817 3393814.913043478 51
1777444998822 665551.7356770834 52
1777444998826 75735.98658288043 53
1777444998831 187910.39393682065 54
1777444998836 49338.508746603264 55
1777444998840 43903.334748641304 56
1777444998845 70305.54217617754 57
1777444998850 49268.178979846016 58
1777444998855 63694.99196105073 59
1777444998860 26865.538524682972 60
1777444998864 44280.36874433877 61
1777444998870 161569.48111979166 62
1777444998874 110879.79403730753 63
1777444998878 545063.2548686594 64
1777444998882 195973.1556626472 65
1777444998887 5493432.504415761 66
1777444998892 685666.3628283514 67
1777444998896 686777.6726675725 68
1777444998902 240671.22729846014 69
1777444998906 5050923.365375906 70
1777444998910 855482.3616253397 71
1777444998915 47842.206323596016 72
1777444998920 3730667.023791327 73
1777444998923 102709203.3731884 74
1777444998928 208191560.442029 75
1777444998934 1364325.380689538 76
1777444998939 8829.026861660723 77
1777444998945 4640.950909158458 78
1777444998951 9109.382708121037 79
1777444998955 2571.8037653384004 80
1777444998961 3493.154836461164 81
1777444998965 1910.5588615528052 82
1777444998971 2478.307421034661 83
1777444998976 3988.02905804178 84
1777444998979 2414.46540766177 85
1777444998984 2245.5753974361696 86
1777444998988 60402.66938848081 87
1777444998992 18056.021003170288 88
1777444998997 2386.632762964221 89
1777444999002 1363.0862811544666 90
1777444999007 2583.6891616600146 91
1777444999011 1119.7667974941971 92
1777444999016 2546.882879284845 93
1777444999020 2302.350456348364 94
1777444999025 1891.8394105330758 95
1777444999028 1149.5886092255082 96
1777444999035 4144.0816898069515 97
1777444999038 4858.617282148721 98
1777444999043 2607.558747001316 99
1777444999047 4685.762384829314 100
1777444999052 1514.3597690748131 101
1777444999056 1807.9496466595194 102
1777444999060 1799.27267610854 103
1777444999065 3491.9064766704173 104
1777444999069 109596.45162300441 105
1777444999073 43855.4048028476 106
1777444999077 2389.375700135162 107
1777444999081 1864.6770289324331 108
1777444999086 3221.6144939920177 109
1777444999090 572098.7211878679 110
1777444999095 30554.42958489017 111
1777444999101 563698.4424394248 112
1777444999106 2351131.2938462407 113
1777444999110 3008156.171280571 114
1777444999115 37075610.0634058 115
1777444999120 14177308.121150363 116
1777444999125 2285127.2215806157 117
1777444999129 53756.36113794299 118
1777444999134 4497.060680002406 119
1777444999139 1985.3474346658459 120
1777444999143 1211.436617201653 121
1777444999148 21212.646332229393 122
1777444999153 14559.229537300442 123
1777444999159 1201.0326007345448 124
1777444999167 972.5913583506708 125
1777444999172 3360.1480904178343 126
1777444999177 580.8963056923686 127
1777444999181 1673.8897175443344 128
1777444999187 817.4803258923516 129
1777444999192 1495.7747003306513 130
1777444999197 777.875158779863 131
1777444999203 743.0876557723335 132
1777444999208 463.23906398165053 133
1777444999214 528.3379597318345 134
1777444999220 950.4835401894389 135
1777444999225 1014.6555594845095 136
1777444999230 1190.4937109463456 137
1777444999235 3850.1560224450154 138
1777444999240 8627.506614353346 139
1777444999245 977.4332109534222 140
1777444999252 991.8525563115659 141
1777444999256 2235.2756226028223 142
1777444999260 58144.26640518852 143
1777444999266 35902.2432564998 144
1777444999272 663.3875607476718 145
1777444999277 656.0167282767918 146
1777444999281 1062.2999090664628 147
1777444999287 327.64489104782325 148
1777444999291 380.55972765494084 149
1777444999295 435.0480144334876 150
1777444999299 409.410142539204 151
1777444999304 378.9365821506666 152
1777444999308 338.5716744022093 153
1777444999312 228.83091492583787 154
1777444999317 305.7427411839582 155
1777444999322 339.97185870184416 156
1777444999325 422.10821323118347 157
1777444999330 497.82525933307153 158
1777444999334 729.2143075362495 159
1777444999338 331.928798896679 160
1777444999341 342.7077563189078 161
1777444999345 1026.962310017019 162
1777444999351 13477.987674436707 163
1777444999355 896.7436119300731 164
1777444999359 607.8793448849001 165
1777444999362 346.39500803187275 166
1777444999368 334.1612720765929 167
1777444999371 712.1049593497014 168
1777444999376 1470.0187155682108 169
1777444999379 218.37867521203083 170
1777444999385 253.86588408981544 171
1777444999388 263.321644216344 172
1777444999392 189.67477101865023 173
1777444999395 307.2427642241768 174
1777444999401 177.8980494513028 175
1777444999405 166.43497232768846 176
1777444999409 161.84771347045898 177
1777444999413 163.71311193272686 178
1777444999418 209.94315570333728 179
1777444999421 176.44177456178528 180
1777444999427 163.96200362495753 181
1777444999431 154.90473097649175 182
1777444999435 151.6969325300576 183
1777444999438 134.6467245903568 184
1777444999443 129.92527892624122 185
1777444999446 131.69169920769292 186
1777444999451 134.41585043202275 187
1777444999454 133.69934800742328 188
1777444999458 159.19921847357267 189
1777444999461 128.2844975789388 190
1777444999466 121.60608440896739 191
1777444999471 123.4930442865344 192
1777444999475 119.74965805938278 193
1777444999479 119.62375969817673 194
1777444999484 117.33547857533331 195
1777444999487 116.00785888450733 196
1777444999493 115.55424969438194 197
1777444999497 113.99902935304503 198
1777444999503 114.03791919652967 199
