1777434233106 6.554349382718404 0
1777434234796 0.7486148692559504 1
1777434236215 0.5914943261422972 2
1777434237748 0.4384397756362307 3
1777434239239 0.3079455782105957 4
1777434240804 0.22268365193968234 5
1777434242348 0.1731368489023568 6
1777434243756 0.1443540149408838 7
1777434245385 0.12478318454130836 8
1777434246836 0.11193915607704633 9
1777434248368 0.10135434395161227 10
1777434249989 0.09311807457951532 11
1777434251470 0.08761015156472939 12
1777434252978 0.08015755941902382 13
1777434254399 0.07458214483399322 14
1777434256010 0.06977544843718625 15
1777434257402 0.06526216913176619 16
1777434258950 0.06177276864215948 17
1777434260624 0.05851203667512839 18
1777434262107 0.0560977685170761 19
1777434263639 0.05351231252585632 20
1777434265124 0.051489925416915314 21
1777434266721 0.04851001646855603 22
1777434268243 0.048485388358434044 23
1777434269677 0.04748936823528746 24
1777434271265 0.04301183524986972 25
1777434272653 0.041066375061653664 26
1777434274171 0.04128240264844203 27
1777434275802 0.038773990141740745 28
1777434277170 0.0367868267863557 29
1777434278694 0.035618907164620316 30
1777434280189 0.034420778893906136 31
1777434281810 0.03356743649836036 32
1777434283395 0.033433479594363685 33
1777434284772 0.034299212845339294 34
1777434286413 0.030883768789362217 35
1777434287789 0.02797529657465824 36
1777434289281 0.031003732099265293 37
1777434290931 0.03193746126540329 38
1777434292379 0.026644105874541878 39
1777434293895 0.025523686322613037 40
1777434295356 0.024127100796803184 41
1777434296990 0.02300640155115853 42
1777434298591 0.0233010100065798 43
1777434299989 0.02525184470890225 44
1777434301957 0.02208380849249121 45
1777434303601 0.02025349079158859 46
1777434305226 0.01969260028630927 47
1777434307168 0.019200487062335014 48
1777434308838 0.018461552286601585 49
1777434310393 0.018262045673918034 50
1777434311907 0.028054661023012108 51
1777434313510 0.0216967377109804 52
1777434315086 0.01814755207548539 53
1777434316585 0.016512386649307133 54
1777434318181 0.015996252402555252 55
1777434319565 0.018381265896385994 56
1777434321092 0.015497724012728187 57
1777434322798 0.014822274716435999 58
1777434324248 0.014584226074857988 59
1777434325795 0.01623575568901024 60
1777434327329 0.01453329386540513 61
1777434328850 0.013634941176227901 62
1777434330355 0.012869326019848602 63
1777434331862 0.013053603929238043 64
1777434333450 0.014102647054022636 65
1777434334884 0.012175779479245344 66
1777434336397 0.011775249871762766 67
1777434338028 0.014688017373175724 68
1777434339403 0.01187609122607155 69
1777434340926 0.011355449459043102 70
1777434342376 0.011342296579285809 71
1777434344091 0.011396122650931711 72
1777434345665 0.010658014741172825 73
1777434347093 0.01022043000852716 74
1777434348703 0.0100755474894591 75
1777434350151 0.009865975101896818 76
1777434351644 0.011380921570125265 77
1777434353202 0.009843861940654291 78
1777434354804 0.009778449075647455 79
1777434356306 0.00940606296332418 80
1777434357744 0.009530238348288813 81
1777434359328 0.00874698365215158 82
1777434360869 0.008437286724970825 83
1777434362282 0.009444401248533657 84
1777434363945 0.008553110494993734 85
1777434365418 0.008288371086498533 86
1777434366939 0.008236385962885359 87
1777434368426 0.007950986094394888 88
1777434369947 0.008416567321704782 89
1777434371489 0.0078124129820777025 90
1777434372935 0.007397015734265248 91
1777434374606 0.008247510671777569 92
1777434376049 0.007429621931489395 93
1777434377588 0.007791863126761239 94
1777434379210 0.007014240529658138 95
1777434380579 0.007940751055012579 96
1777434382066 0.007180448473039744 97
1777434383478 0.006799317342971546 98
1777434385136 0.006706831686576639 99
1777434386712 0.006623941041745137 100
1777434388123 0.00612754056878064 101
1777434389724 0.006159934080273345 102
1777434391142 0.006144290020608384 103
1777434392637 0.009647320254125458 104
1777434394283 0.00836266430121833 105
1777434395720 0.006579735647023156 106
1777434397241 0.0072156049149191895 107
1777434398658 0.005954851997017428 108
1777434400257 0.005668585384399563 109
1777434401746 0.0064075187429029875 110
1777434403128 0.0054988609559402084 111
1777434404749 0.005119107987569726 112
1777434406221 0.005580767773199773 113
1777434407753 0.005362119046512289 114
1777434409367 0.005629642232172731 115
1777434410806 0.005405731762394957 116
1777434412308 0.0050106433665622835 117
1777434413684 0.006038928687896418 118
1777434415314 0.00615311855369288 119
1777434416892 0.005458620370136223 120
1777434418301 0.004965383691065337 121
1777434419911 0.004674469799046283 122
1777434421362 0.004661097343120238 123
1777434422945 0.00503055128754805 124
1777434424519 0.004856688544100178 125
1777434425984 0.00465192472346235 126
1777434427484 0.00440848724025747 127
1777434428859 0.00430606700061564 128
1777434430510 0.004250168192969716 129
1777434431938 0.005059778217928133 130
1777434433462 0.004281846168653473 131
1777434435109 0.004194606746803375 132
1777434436590 0.004217277189878666 133
1777434438073 0.004066777820496455 134
1777434439473 0.004189337623993988 135
1777434441090 0.0039562723039231005 136
1777434442655 0.004557771844438453 137
1777434444058 0.004111298430792015 138
1777434445716 0.003984991299069446 139
1777434447159 0.00395980107166089 140
1777434448669 0.003986244150639876 141
1777434450287 0.0037788615892708735 142
1777434451761 0.0037474020492231502 143
1777434453292 0.003997160793295589 144
1777434454685 0.003811514879023467 145
1777434456297 0.0038895927322353573 146
1777434457828 0.0036634642131410647 147
1777434459219 0.003742794155318668 148
1777434460886 0.004005334788825417 149
1777434462332 0.003537160138586077 150
1777434463862 0.0036190391477683315 151
1777434465424 0.00353729123911024 152
1777434466885 0.003573304838568404 153
1777434468457 0.0035449618007987738 154
1777434469866 0.003365893527676446 155
1777434471532 0.0033248895171867766 156
1777434473107 0.0033084894429244423 157
1777434474487 0.0032717446540144906 158
1777434476057 0.003271063884207304 159
1777434477526 0.0034024039269897385 160
1777434479058 0.0034090818945264473 161
1777434480590 0.003187551665916175 162
1777434482153 0.003177311116208633 163
1777434483701 0.003173016355899365 164
1777434485091 0.00316257510955135 165
1777434486674 0.0030857059072055245 166
1777434488178 0.003088751544609018 167
1777434489668 0.0030748993057109738 168
1777434491321 0.0030896568610130444 169
1777434492826 0.0030402245431922484 170
1777434494366 0.003001545869704822 171
1777434495748 0.003007257090665508 172
1777434497345 0.002974251548395209 173
1777434498919 0.002996410661633464 174
1777434500291 0.0030605781391478968 175
1777434501881 0.0029647477254595446 176
1777434503294 0.0029487063149935093 177
1777434504863 0.0028900167857553215 178
1777434506371 0.00290054718936807 179
1777434507841 0.0029114392160883417 180
1777434509427 0.0028775875098949327 181
1777434510795 0.002890596780386092 182
1777434512400 0.0028612526450846076 183
1777434514010 0.002866731831749928 184
1777434515449 0.0028411897027568107 185
1777434517016 0.002843109519639309 186
1777434518494 0.002824113002397876 187
1777434519993 0.002825492108915595 188
1777434521514 0.0028178658322903557 189
1777434522986 0.002821071532325468 190
1777434524606 0.0028137892545403347 191
1777434525962 0.0028047475869348946 192
1777434527543 0.0028004640969785228 193
1777434529168 0.0027915451311222887 194
1777434530560 0.002786462880212112 195
1777434532042 0.0027904958039036264 196
1777434533559 0.002785957705202526 197
1777434535215 0.0027963639830873494 198
1777434536737 0.00278638056276933 199
1777434233106 6.554349382718404 0
