1777434233110 0.001 0
1777434234817 0.0009999383162408303 1
1777434236226 0.0009997532801828658 2
1777434237762 0.0009994449374809851 3
1777434239249 0.0009990133642141358 4
1777434240820 0.000998458666866564 5
1777434242358 0.00099778098230154 6
1777434243770 0.0009969804777275899 7
1777434245397 0.000996057350657239 8
1777434246848 0.0009950118288582787 9
1777434248378 0.0009938441702975688 10
1777434250000 0.000992554663077387 11
1777434251480 0.0009911436253643444 12
1777434252988 0.0009896114053108828 13
1777434254410 0.0009879583809693736 14
1777434256019 0.0009861849601988382 15
1777434257412 0.0009842915805643154 16
1777434258958 0.000982278709228899 17
1777434260651 0.0009801468428384714 18
1777434262131 0.0009778965073991648 19
1777434263648 0.0009755282581475766 20
1777434265146 0.0009730426794137723 21
1777434266739 0.0009704403844771124 22
1777434268243 0.0009677220154149334 23
1777434269689 0.0009648882429441253 24
1777434271281 0.000961939766255643 25
1777434272669 0.0009588773128419901 26
1777434274178 0.0009557016383177221 27
1777434275816 0.0009524135262330093 28
1777434277186 0.0009490137878803073 29
1777434278700 0.0009455032620941834 30
1777434280202 0.0009418828150443463 31
1777434281832 0.0009381533400219311 32
1777434283407 0.0009343157572190951 33
1777434284798 0.0009303710135019713 34
1777434286421 0.0009263200821770456 35
1777434287798 0.000922163962751007 36
1777434289289 0.0009179036806841347 37
1777434290941 0.0009135402871372803 38
1777434292395 0.0009090748587125112 39
1777434293905 0.0009045084971874732 40
1777434295374 0.0008998423292435448 41
1777434297000 0.0008950775061878447 42
1777434298606 0.0008902152036691643 43
1777434300000 0.000885256621387894 44
1777434301971 0.0008802029828000149 45
1777434303612 0.0008750555348152292 46
1777434305236 0.0008698155474893041 47
1777434307180 0.0008644843137107051 48
1777434308847 0.0008590631488815939 49
1777434310393 0.0008535533905932731 50
1777434311917 0.0008479563982961564 51
1777434313526 0.0008422735529643437 52
1777434315094 0.000836506256754886 53
1777434316596 0.0008306559326618253 54
1777434318189 0.0008247240241650912 55
1777434319569 0.0008187119948743442 56
1777434321114 0.000812621328167852 57
1777434322809 0.0008064535268264877 58
1777434324264 0.0008002101126629415 59
1777434325811 0.000793892626146236 60
1777434327333 0.0007875026260216388 61
1777434328860 0.0007810416889260649 62
1777434330371 0.0007745114089990654 63
1777434331876 0.0007679133974894978 64
1777434333460 0.0007612492823579739 65
1777434334894 0.0007545207078751852 66
1777434336407 0.0007477293342162034 67
1777434338044 0.0007408768370508571 68
1777434339420 0.0007339649071302863 69
1777434340937 0.0007269952498697729 70
1777434342386 0.000719969584927957 71
1777434344104 0.0007128896457825358 72
1777434345676 0.0007057571793025539 73
1777434347101 0.0006985739453173898 74
1777434348703 0.0006913417161825444 75
1777434350161 0.0006840622763423385 76
1777434351656 0.000676737421889628 77
1777434353217 0.0006693689601226452 78
1777434354812 0.0006619587090990741 79
1777434356323 0.0006545084971874731 80
1777434357767 0.0006470201626161514 81
1777434359339 0.0006394955530196142 82
1777434360878 0.0006319365249826858 83
1777434362294 0.0006243449435824268 84
1777434363955 0.0006167226819279523 85
1777434365418 0.0006090716206982709 86
1777434366951 0.0006013936476782558 87
1777434368437 0.000593690657292862 88
1777434369958 0.0005859645501397043 89
1777434371498 0.000578217232520115 90
1777434372946 0.000570450615968791 91
1777434374623 0.0005626666167821518 92
1777434376057 0.0005548671555455222 93
1777434377590 0.0005470541566592567 94
1777434379217 0.000539229547863922 95
1777434380588 0.0005313952597646562 96
1777434382076 0.0005235532253548208 97
1777434383490 0.0005157053795390637 98
1777434385140 0.0005078536586559099 99
1777434386720 0.0004999999999999996 100
1777434388142 0.0004921463413440893 101
1777434389744 0.0004842946204609354 102
1777434391151 0.00047644677464517824 103
1777434392637 0.00046860474023534287 104
1777434394293 0.00046077045213607716 105
1777434395730 0.0004529458433407424 106
1777434397247 0.000445132844454477 107
1777434398658 0.0004373333832178475 108
1777434400257 0.0004295493840312084 109
1777434401746 0.0004217827674798842 110
1777434403137 0.00041403544986029484 111
1777434404749 0.0004063093427071374 112
1777434406233 0.00039860635232174353 113
1777434407753 0.0003909283793017286 114
1777434409376 0.000383277318072047 115
1777434410813 0.00037565505641757235 116
1777434412326 0.0003680634750173133 117
1777434413696 0.00036050444698038515 118
1777434415333 0.0003529798373838478 119
1777434416897 0.0003454915028125262 120
1777434418310 0.00033804129090092506 121
1777434419923 0.0003306310398773541 122
1777434421371 0.00032326257811037126 123
1777434422955 0.0003159377236576609 124
1777434424527 0.000308658283817455 125
1777434425995 0.0003014260546826094 126
1777434427493 0.0002942428206974454 127
1777434428871 0.00028711035421746345 128
1777434430527 0.0002800304150720422 129
1777434431948 0.0002730047501302264 130
1777434433462 0.0002660350928697132 131
1777434435117 0.0002591231629491421 132
1777434436598 0.00025227066578379596 133
1777434438089 0.0002454792921248141 134
1777434439485 0.00023875071764202534 135
1777434441100 0.0002320866025105013 136
1777434442679 0.0002254885910009338 137
1777434444074 0.0002189583110739344 138
1777434445724 0.00021249737397836048 139
1777434447167 0.00020610737385376327 140
1777434448684 0.00019978988733705783 141
1777434450307 0.00019354647317351147 142
1777434451769 0.00018737867183214719 143
1777434453302 0.0001812880051256549 144
1777434454701 0.00017527597583490801 145
1777434456306 0.00016934406733817395 146
1777434457844 0.0001634937432451131 147
1777434459234 0.00015772644703565544 148
1777434460896 0.00015204360170384266 149
1777434462342 0.0001464466094067261 150
1777434463872 0.00014093685111840547 151
1777434465447 0.00013551568628929414 152
1777434466898 0.00013018445251069497 153
1777434468468 0.0001249444651847701 154
1777434469875 0.00011979701719998438 155
1777434471543 0.00011474337861210527 156
1777434473115 0.00010978479633083506 157
1777434474499 0.00010492249381215464 158
1777434476081 0.00010015767075645462 159
1777434477536 9.549150281252619e-05 160
1777434479074 9.092514128748822e-05 161
1777434480590 8.645971286271907e-05 162
1777434482168 8.209631931586485e-05 163
1777434483721 7.783603724899246e-05 164
1777434485099 7.367991782295392e-05 165
1777434486697 6.962898649802802e-05 166
1777434488186 6.568424278090424e-05 167
1777434489680 6.184665997806812e-05 168
1777434491330 5.811718495565318e-05 169
1777434492836 5.449673790581603e-05 170
1777434494376 5.098621211969216e-05 171
1777434495756 4.7586473766990253e-05 172
1777434497355 4.4298361682277405e-05 173
1777434498935 4.1122687158009486e-05 174
1777434500301 3.8060233744356686e-05 175
1777434501893 3.511175705587427e-05 176
1777434503310 3.2277984585066264e-05 177
1777434504873 2.955961552288723e-05 178
1777434506381 2.6957320586227313e-05 179
1777434507857 2.44717418524232e-05 180
1777434509437 2.210349260083491e-05 181
1777434510815 1.9853157161528496e-05 182
1777434512400 1.7721290771100992e-05 183
1777434514026 1.5708419435684497e-05 184
1777434515469 1.3815039801161704e-05 185
1777434517033 1.2041619030626323e-05 186
1777434518503 1.0388594689117057e-05 187
1777434520010 8.856374635655629e-06 188
1777434521528 7.445336922613057e-06 189
1777434522996 6.155829702431163e-06 190
1777434524622 4.988171141721226e-06 191
1777434525972 3.942649342761113e-06 192
1777434527560 3.0195222724101985e-06 193
1777434529184 2.219017698459999e-06 194
1777434530569 1.5413331334360161e-06 195
1777434532042 9.866357858642194e-07 196
1777434533575 5.550625190150475e-07 197
1777434535232 2.4671981713419966e-07 198
1777434536747 6.168375916970607e-08 199
1777434233110 0.001 0
