1777434233110 0.009037988807034233 0
1777434234810 0.011203130767883165 1
1777434236218 0.012336265484707943 2
1777434237752 0.011126103068607441 3
1777434239243 0.009516317930504463 4
1777434240804 0.00877889498150435 5
1777434242352 0.00788030307739973 6
1777434243761 0.007662566851122656 7
1777434245389 0.007376038206174322 8
1777434246841 0.0072805776557736636 9
1777434248370 0.006893210288515125 10
1777434249992 0.006796900324685418 11
1777434251472 0.0069795334104286585 12
1777434252981 0.006873221285101296 13
1777434254403 0.006738709204870722 14
1777434256013 0.006751406195479027 15
1777434257406 0.006863481311154538 16
1777434258952 0.006812206428983937 17
1777434260624 0.007026588247306105 18
1777434262107 0.0071358498644785604 19
1777434263641 0.006938861851728912 20
1777434265124 0.007132462819741256 21
1777434266721 0.007346450837086077 22
1777434268243 0.007257828097520531 23
1777434269679 0.007630295342887225 24
1777434271265 0.007281103988002607 25
1777434272653 0.007424418004634587 26
1777434274175 0.007346655660565349 27
1777434275802 0.007405710359360429 28
1777434277170 0.0072310237159979515 29
1777434278694 0.007520684196303288 30
1777434280193 0.00759079788501064 31
1777434281826 0.0073929970166173534 32
1777434283395 0.007821489672136047 33
1777434284788 0.00746795836755115 34
1777434286415 0.0075355100418454495 35
1777434287789 0.0075671629426811915 36
1777434289283 0.007595316925342532 37
1777434290931 0.007524514354873395 38
1777434292379 0.007554176081295895 39
1777434293899 0.007681227687314368 40
1777434295356 0.007487074188564135 41
1777434296993 0.007639688446415939 42
1777434298591 0.00758802001297042 43
1777434299994 0.007708837595376847 44
1777434301961 0.007610556777512682 45
1777434303605 0.007636274744257115 46
1777434305228 0.0077309960472411 47
1777434307170 0.007760066613285006 48
1777434308841 0.0075972722100930805 49
1777434310393 0.007892899775364693 50
1777434311911 0.007924907469609077 51
1777434313510 0.00802352780179269 52
1777434315088 0.007664702582996392 53
1777434316592 0.0077720922080503 54
1777434318183 0.007616550459162048 55
1777434319567 0.007925816339211187 56
1777434321092 0.00777783053184765 57
1777434322801 0.007902072749330082 58
1777434324248 0.00784786958652346 59
1777434325795 0.007990668291576963 60
1777434327333 0.007836048471053009 61
1777434328850 0.00781314979320851 62
1777434330371 0.00778890588739212 63
1777434331866 0.008004402154651672 64
1777434333452 0.007881528218749208 65
1777434334886 0.00784131506646889 66
1777434336401 0.00788805979317513 67
1777434338037 0.007898185091714064 68
1777434339411 0.008104481592612423 69
1777434340926 0.007942665800236273 70
1777434342378 0.008115265369955181 71
1777434344091 0.008153726886687935 72
1777434345668 0.008139053001945866 73
1777434347095 0.008463373751905949 74
1777434348703 0.00836889356698679 75
1777434350155 0.00820966154012991 76
1777434351648 0.008277154898783867 77
1777434353202 0.008467615838500036 78
1777434354806 0.008292488929262196 79
1777434356306 0.008621518459656963 80
1777434357760 0.008274850293831982 81
1777434359328 0.008652868599671385 82
1777434360871 0.008562639794325914 83
1777434362284 0.008385310907834682 84
1777434363948 0.008452828933039436 85
1777434365418 0.008498958109513573 86
1777434366941 0.008554195681505877 87
1777434368426 0.008484495709231798 88
1777434369951 0.008713828008351982 89
1777434371491 0.008676450510603794 90
1777434372935 0.0088783735409379 91
1777434374606 0.008473315519159254 92
1777434376051 0.008860032155137995 93
1777434377590 0.008679327764210926 94
1777434379210 0.008903918457150028 95
1777434380582 0.008686211196354765 96
1777434382068 0.008944102643948534 97
1777434383482 0.00845868552805505 98
1777434385139 0.008771139979902386 99
1777434386714 0.008552397500075724 100
1777434388123 0.008669685113473215 101
1777434389737 0.008843047200175732 102
1777434391144 0.008623655649252993 103
1777434392637 0.00865377200956362 104
1777434394285 0.008839951868614426 105
1777434395722 0.008992489731020254 106
1777434397241 0.009233240004412937 107
1777434398658 0.009036928732488035 108
1777434400257 0.008735822614930246 109
1777434401746 0.008998678470759289 110
1777434403132 0.008984668234336203 111
1777434404749 0.008788881836917953 112
1777434406225 0.008864064228491507 113
1777434407753 0.008807204778481653 114
1777434409370 0.008992063556460367 115
1777434410808 0.008701032216566196 116
1777434412308 0.008827548386340124 117
1777434413686 0.009216006642774395 118
1777434415314 0.008731382116135479 119
1777434416892 0.00892753251220869 120
1777434418303 0.009202264944442373 121
1777434419913 0.009058131573154875 122
1777434421364 0.008913484590964905 123
1777434422947 0.008940057397104692 124
1777434424521 0.009217390669104845 125
1777434425987 0.00895301945021619 126
1777434427487 0.009251776205348795 127
1777434428859 0.008794360267727272 128
1777434430525 0.009157958184031473 129
1777434431938 0.009253187321018482 130
1777434433462 0.009364960370990246 131
1777434435111 0.009281850035261848 132
1777434436592 0.009181499002042456 133
1777434438073 0.009059307496130898 134
1777434439476 0.008970402241886957 135
1777434441090 0.008775065680020962 136
1777434442671 0.009195682970617992 137
1777434444058 0.009024894769316998 138
1777434445716 0.008866485930385365 139
1777434447161 0.009061309252528177 140
1777434448669 0.009092172904722933 141
1777434450299 0.00908253314918366 142
1777434451765 0.00877842582438303 143
1777434453296 0.009220970214169094 144
1777434454695 0.009038059270360332 145
1777434456299 0.009551398516835077 146
1777434457838 0.00895727923868791 147
1777434459219 0.009314788667404133 148
1777434460886 0.00912125860138432 149
1777434462336 0.009531950024698956 150
1777434463866 0.009196305073851692 151
1777434465424 0.008978122379630804 152
1777434466890 0.008861167822033167 153
1777434468460 0.00919177392632633 154
1777434469866 0.009486219892953184 155
1777434471535 0.008996550229958433 156
1777434473109 0.009077384096124897 157
1777434474491 0.009167659231394098 158
1777434476073 0.008992543066109436 159
1777434477526 0.009206219731519619 160
1777434479058 0.008960115615332472 161
1777434480590 0.009004155916256317 162
1777434482153 0.009219759764770666 163
1777434483701 0.009172192815205326 164
1777434485094 0.009337432426063047 165
1777434486689 0.009381427436365166 166
1777434488178 0.009169686416946892 167
1777434489668 0.009027568913618292 168
1777434491323 0.009225007544771053 169
1777434492826 0.008871472352926714 170
1777434494368 0.009134504890096361 171
1777434495753 0.009022843578587408 172
1777434497347 0.00910457945091353 173
1777434498919 0.009228288101545279 174
1777434500295 0.008979408077193775 175
1777434501884 0.009032536642221005 176
1777434503294 0.009190576137515945 177
1777434504867 0.008973803762616455 178
1777434506373 0.008935052908255138 179
1777434507841 0.009310074926664432 180
1777434509431 0.009266263852570799 181
1777434510795 0.008878388165401808 182
1777434512400 0.009078576067543549 183
1777434514010 0.009084423457312843 184
1777434515449 0.009022268156210581 185
1777434517026 0.009210698664242374 186
1777434518497 0.009164827464121407 187
1777434519993 0.009076325938213562 188
1777434521514 0.009289857094594534 189
1777434522990 0.00900600990280509 190
1777434524606 0.008954204605433388 191
1777434525965 0.009139701548585857 192
1777434527553 0.00905465493923512 193
1777434529184 0.00900585283997698 194
1777434530563 0.009036549778682167 195
1777434532042 0.009368037939935491 196
1777434533575 0.009224084779566181 197
1777434535231 0.009626577655528334 198
1777434536741 0.009178870560034462 199
1777434233110 0.009037988807034233 0
