1777434233110 6.55443971744482 0
1777434234813 0.7487269009369008 1
1777434236220 0.5916176887526028 2
1777434237756 0.4385510372078937 3
1777434239245 0.3080407406972802 4
1777434240820 0.22277144094308218 5
1777434242354 0.17321565228959787 6
1777434243765 0.14443063973516657 7
1777434245391 0.12485694507325905 8
1777434246843 0.11201196185488632 9
1777434248372 0.10142327607541844 10
1777434249995 0.09318604385075362 11
1777434251475 0.0876799468760905 12
1777434252983 0.08022629156492758 13
1777434254405 0.07464953177217123 14
1777434256015 0.069842962305183 15
1777434257408 0.06533080398820448 16
1777434258956 0.06184089092024858 17
1777434260645 0.05858230256084083 18
1777434262107 0.05616912715460943 19
1777434263643 0.05358170118668805 20
1777434265140 0.05156124987895938 21
1777434266721 0.04858348086692285 22
1777434268243 0.04855796646164811 23
1777434269683 0.04756567119688228 24
1777434271265 0.04308464604875316 25
1777434272669 0.04114061934144601 26
1777434274177 0.041355869098418 27
1777434275811 0.0388480471852033 28
1777434277170 0.03685913715457571 29
1777434278700 0.03569411416200624 30
1777434280197 0.03449668708270875 31
1777434281828 0.033641366638999054 32
1777434283395 0.03351169449371704 33
1777434284788 0.03437389228223027 34
1777434286417 0.030959123934524647 35
1777434287795 0.028050968261516613 36
1777434289285 0.03107968512652577 37
1777434290931 0.03201270640652249 38
1777434292389 0.026719647662147232 39
1777434293901 0.025600498596179314 40
1777434295369 0.02420197149225767 41
1777434296996 0.023082798373871956 42
1777434298591 0.023376890228710312 43
1777434299996 0.025328933058873467 44
1777434301964 0.022159914067689922 45
1777434303608 0.020329853492802467 46
1777434305232 0.019769910237063534 47
1777434307174 0.019278087788193985 48
1777434308843 0.018537524939123272 49
1777434310393 0.018340974681727264 50
1777434311913 0.028133910216823006 51
1777434313510 0.021776972932444103 52
1777434315090 0.01822419899205367 53
1777434316594 0.016590107596762802 54
1777434318185 0.016072417838849884 55
1777434319569 0.01846052411997664 56
1777434321108 0.015575502378245195 57
1777434322804 0.014901295547252115 58
1777434324248 0.014662704848940823 59
1777434325795 0.016315662410056244 60
1777434327333 0.014611654402013275 61
1777434328856 0.01371307268846726 62
1777434330371 0.012947215037285418 63
1777434331868 0.01313364800011766 64
1777434333454 0.014181462372990622 65
1777434334890 0.01225419262883024 66
1777434336403 0.011854130477792975 67
1777434338037 0.01476699926391028 68
1777434339416 0.011957136063796022 69
1777434340932 0.011434876130542893 70
1777434342382 0.011423449220972649 71
1777434344099 0.011477659874852154 72
1777434345668 0.010739405261541622 73
1777434347096 0.010305063718039057 74
1777434348703 0.01015923639246519 75
1777434350157 0.009948071686254032 76
1777434351650 0.011463693100149218 77
1777434353217 0.009928538140071474 78
1777434354808 0.009861373976952787 79
1777434356316 0.009492278193542059 80
1777434357762 0.009612986885443113 81
1777434359328 0.008833512366897818 82
1777434360875 0.00852291317710626 83
1777434362284 0.00952825434775888 84
1777434363950 0.008637638782839413 85
1777434365418 0.008373360594977503 86
1777434366945 0.008321927907620218 87
1777434368426 0.008035831099403078 88
1777434369954 0.008503705587076105 89
1777434371493 0.007899177463158318 90
1777434372943 0.007485799457661916 91
1777434374606 0.008332243803348661 92
1777434376053 0.007518222278820864 93
1777434377590 0.007878656411354525 94
1777434379210 0.007103279718886251 95
1777434380584 0.00802761315624567 96
1777434382070 0.007269889500963947 97
1777434383484 0.0068839042029087095 98
1777434385140 0.006794543100008066 99
1777434386715 0.0067094650011563645 100
1777434388139 0.006214237407497738 101
1777434389740 0.0062483645692143755 102
1777434391147 0.006230526543019906 103
1777434392637 0.00973385799865144 104
1777434394289 0.008451063813560682 105
1777434395724 0.006669660578009443 106
1777434397247 0.007307937314760858 107
1777434398658 0.006045221290348664 108
1777434400257 0.005755943610616352 109
1777434401746 0.0064975055191072 110
1777434403134 0.005588707642332799 111
1777434404749 0.005206996797705474 112
1777434406225 0.005669408430601808 113
1777434407753 0.005450191117985093 114
1777434409372 0.0057195628642280035 115
1777434410812 0.005492742085640413 116
1777434412308 0.005098918851033069 117
1777434413689 0.006131088776189996 118
1777434415329 0.006240432366620803 119
1777434416892 0.00554789571037543 120
1777434418306 0.005057406351915089 121
1777434419917 0.004765051093114459 122
1777434421367 0.00475023220549675 123
1777434422951 0.0051199518704274 124
1777434424524 0.0049488624436375885 125
1777434425990 0.004741454932271787 126
1777434427489 0.004501005020532487 127
1777434428866 0.00439401061706029 128
1777434430527 0.004341747793976379 129
1777434431938 0.005152310089518626 130
1777434433462 0.004375495755559076 131
1777434435113 0.004287425263285421 132
1777434436594 0.004309092192789135 133
1777434438073 0.004157370911317243 134
1777434439480 0.004279041683058376 135
1777434441090 0.004044022967876947 136
1777434442673 0.004649728668205764 137
1777434444058 0.0042015473743009825 138
1777434445721 0.004073656150612278 139
1777434447163 0.004050414155547817 140
1777434448669 0.004077165876852645 141
1777434450299 0.0038696869337202415 142
1777434451767 0.0038351862947793975 143
1777434453298 0.00408937048126498 144
1777434454695 0.0039018954798255277 145
1777434456303 0.003985106705458484 146
1777434457838 0.003753036996214718 147
1777434459219 0.0038359420326794834 148
1777434460886 0.004096547364378753 149
1777434462338 0.003632479623985895 150
1777434463868 0.0037110021871015215 151
1777434465443 0.0036270724697227497 152
1777434466892 0.00366191651361684 153
1777434468463 0.003636879532638451 154
1777434469866 0.0034607557201946993 155
1777434471539 0.003414855001197345 156
1777434473111 0.0033992632744374914 157
1777434474493 0.003363421240794486 158
1777434476075 0.0033609893011010213 159
1777434477536 0.0034944661251822677 160
1777434479058 0.003498683035697626 161
1777434480590 0.003277593234931861 162
1777434482153 0.003269508696984554 163
1777434483717 0.003264738267044658 164
1777434485096 0.003255949423149012 165
1777434486692 0.0031795201627402635 166
1777434488178 0.0031804484011524396 167
1777434489676 0.0031651750044978185 168
1777434491325 0.0031819069434119306 169
1777434492826 0.0031289392643594656 170
1777434494370 0.0030928909123969684 171
1777434495756 0.0030974855417034764 172
1777434497349 0.003065297336223117 173
1777434498919 0.0030886935360351767 174
1777434500297 0.003150372215938093 175
1777434501888 0.0030550730914093447 176
1777434503294 0.0030406120644909315 177
1777434504869 0.0029797548212218976 178
1777434506375 0.0029898977271564627 179
1777434507857 0.003004539967177139 180
1777434509433 0.002970250137825159 181
1777434510795 0.0029793806556288314 182
1777434512400 0.002952038415073269 183
1777434514010 0.0029575760658506465 184
1777434515462 0.002931412376895331 185
1777434517029 0.0029352164888025627 186
1777434518499 0.0029157612749469886 187
1777434519993 0.0029162553719420366 188
1777434521521 0.0029107644020215325 189
1777434522992 0.0029111316299362893 190
1777434524606 0.002903331307343383 191
1777434525967 0.0028961446014759335 192
1777434527553 0.0028910106419167223 193
1777434529184 0.0028816036596570325 194
1777434530565 0.0028768283638941207 195
1777434532042 0.0028841761851926212 196
1777434533575 0.0028781985553602376 197
1777434535232 0.002892629756335763 198
1777434536743 0.0028781692490683517 199
1777434233110 6.55443971744482 0
