1777445542328 24877999692.579712 0
1777445542336 25389522.782608695 1
1777445542341 8066074.065217392 2
1777445542347 4995224.855072464 3
1777445542352 3685414.592391304 4
1777445542354 3223807.625 5
1777445542358 2720831.6875 6
1777445542364 2934717.2291666665 7
1777445542366 2115923.299818841 8
1777445542369 1949561.759057971 9
1777445542373 1838386.5493659421 10
1777445542375 1301063.170289855 11
1777445542380 1836195.3985507246 12
1777445542382 1142320.1843297102 13
1777445542382 1188396.8179347827 14
1777445542390 863656.1557971014 15
1777445542395 1077499.7264492754 16
1777445542406 832323.7210144928 17
1777445542408 795090.9936594203 18
1777445542408 817519.2717391305 19
1777445542414 2378158.9592391304 20
1777445542414 696854.7348278986 21
1777445542423 504266.37975543475 22
1777445542423 698377.5733695652 23
1777445542430 12047579.916213768 24
1777445542434 6671680.795742754 25
1777445542434 2970678.0520833335 26
1777445542440 78559009.17028986 27
1777445542442 68423366.42572464 28
1777445542447 1987470.088768116 29
1777445542450 732518.2805706522 30
1777445542452 1952461.0661231885 31
1777445542452 264145.0576313406 32
1777445542458 357401.25328351447 33
1777445542458 580214.5860507246 34
1777445542466 2107385.107789855 35
1777445542468 3399199.931612319 36
1777445542468 4291765.787364131 37
1777445542468 2146793.96557971 38
1777445542477 3528120.84692029 39
1777445542481 172412331.55072463 40
1777445542481 123900619.98550725 41
1777445542486 12311389.953804348 42
1777445542490 1344283.5323822463 43
1777445542492 379713.9744112319 44
1777445542496 2666013.34839221 45
1777445542501 9493662.923913043 46
1777445542502 1285391.7991394927 47
1777445542502 458910.9945652174 48
1777445542502 2483257.7239583335 49
1777445542511 21848762.808876812 50
1777445542515 30069258.009057973 51
1777445542518 34191871.123188406 52
1777445542522 3237953.771286232 53
1777445542528 13863131.772644928 54
1777445542532 1876626.7744565217 55
1777445542534 6221801.314311594 56
1777445542537 2638992.9508605073 57
1777445542540 1473495.4356884058 58
1777445542543 1331524.3757925725 59
1777445542546 2365023.1286231885 60
1777445542547 66630094.03985507 61
1777445542551 343404002.7826087 62
1777445542553 26866887.05706522 63
1777445542556 209560.6171875 64
1777445542558 86969.17280910326 65
1777445542561 46106.551573822464 66
1777445542564 46520.89894701087 67
1777445542567 38684.66004302536 68
1777445542567 45652.162095221924 69
1777445542572 37812.33487601902 70
1777445542572 75431.33712635869 71
1777445542578 32409.810292119564 72
1777445542582 31390.389209692028 73
1777445542584 29679.961701766304 74
1777445542587 37492.257543591484 75
1777445542590 31906.719514266304 76
1777445542590 84295.74036175272 77
1777445542596 169450.97715692935 78
1777445542599 280941.0912024457 79
1777445542602 777702.7703238225 80
1777445542605 172637639.86956522 81
1777445542607 18774840.026268117 82
1777445542610 301048.3633378623 83
1777445542614 77680.6327417346 84
1777445542616 62551.42031816123 85
1777445542619 29852.54292629076 86
1777445542622 23737.839044100998 87
1777445542622 35002.51246886323 88
1777445542628 24399.360507246376 89
1777445542631 27231.260982789856 90
1777445542634 37543.896215466484 91
1777445542637 41002.74126754982 92
1777445542640 68968.62188632246 93
1777445542640 79414.6393653759 94
1777445542645 59256.38841711957 95
1777445542647 32242.648947010868 96
1777445542651 18899.51608497509 97
1777445542654 32761.807065217392 98
1777445542658 97682.85648777174 99
1777445542659 330421.2930819746 100
1777445542663 1351877.421195652 101
1777445542666 5750126.114130435 102
1777445542666 5795747.718297102 103
1777445542672 904611.5082653986 104
1777445542673 357821.21569293475 105
1777445542677 366444.9546535326 106
1777445542681 505677.6302083333 107
1777445542683 157620.17470561594 108
1777445542686 1300122.5967504529 109
1777445542690 770336.2697010869 110
1777445542691 185445.48645550272 111
1777445542695 1123178.377151268 112
1777445542697 9834063.818387682 113
1777445542697 31116495.164855074 114
1777445542704 44413655.86956522 115
1777445542706 28292199.086956523 116
1777445542706 264577.98327105975 117
1777445542712 25908.566052423008 118
1777445542715 18487.51021144701 119
1777445542718 12185.278461843298 120
1777445542718 12449.287675498188 121
1777445542724 10451.366784137228 122
1777445542726 9396.33739526721 123
1777445542730 12188.58446557971 124
1777445542732 10567.424808225769 125
1777445542735 9930.347327190897 126
1777445542738 9076.160439311594 127
1777445542740 8913.329112177309 128
1777445542744 8736.023706408514 129
1777445542747 14961.301078464674 130
1777445542749 6628.741069406703 131
1777445542752 9775.489109205164 132
1777445542755 9025.379620980526 133
1777445542758 27411.69096042799 134
1777445542758 6698.557015681612 135
1777445542764 8168.5028571529665 136
1777445542767 8570.300604336504 137
1777445542769 7445.266856317935 138
1777445542772 7359.7153656448145 139
1777445542775 9859.430388077446 140
1777445542777 7677.315549988678 141
1777445542780 6584.331277598505 142
1777445542784 19046.861137058422 143
1777445542786 11672.387863380322 144
1777445542789 8082.950329766757 145
1777445542792 9513.327385501585 146
1777445542792 14359.931283259737 147
1777445542797 7123.570719401042 148
1777445542801 8251.222907467165 149
1777445542804 9197.009231346241 150
1777445542804 14220.200136931046 151
1777445542809 4827.010940330616 152
1777445542811 5181.3822587607565 153
1777445542813 5290.09081323596 154
1777445542818 7243.9107666015625 155
1777445542818 7623.315949813179 156
1777445542823 7027.363504161005 157
1777445542823 5230.0360461248865 158
1777445542829 12839.693603515625 159
1777445542831 9867.93091351053 160
1777445542835 3444.7933933423915 161
1777445542837 4060.3089121942935 162
1777445542840 4470.9810118744335 163
1777445542842 10204.048329228941 164
1777445542842 6155.5213552281475 165
1777445542848 4215.228727921196 166
1777445542852 5592.545653412308 167
1777445542854 4374.523165053216 168
1777445542858 4851.650620612545 169
1777445542860 5665.719815019248 170
1777445542863 2953.1187912208447 171
1777445542866 2725.387012426404 172
1777445542869 3993.2314240828805 173
1777445542871 3062.341009609941 174
1777445542871 3015.5545105865035 175
1777445542871 3226.2101714645605 176
1777445542879 2668.527686962183 177
1777445542882 2485.455416029778 178
1777445542884 2265.4203172766643 179
1777445542887 2308.6868339206862 180
1777445542890 2256.484484686368 181
1777445542892 2303.569134256114 182
1777445542894 2381.0943231997285 183
1777445542897 2242.946133378623 184
1777445542900 2102.0166962112207 185
1777445542903 1991.7750580276268 186
1777445542905 2078.4800720214844 187
1777445542907 2101.4175105440445 188
1777445542911 1942.9091699572577 189
1777445542913 1863.887065500453 190
1777445542917 1841.6099013176517 191
1777445542920 1869.1986039756 192
1777445542923 1826.4587172356205 193
1777445542923 1811.7135434358017 194
1777445542930 1795.113114066746 195
1777445542930 1765.162913446841 196
1777445542935 1744.3926935610564 197
1777445542935 1747.2942734870358 198
1777445542940 1736.289036847543 199
