1777446497389 10624158429.565218 0
1777446497395 30867824.63768116 1
1777446497401 8896916.326086957 2
1777446497405 6022707.880434782 3
1777446497409 3908276.297101449 4
1777446497413 3645747.7083333335 5
1777446497417 3299140.3351449277 6
1777446497422 2292910.6557971016 7
1777446497426 2015845.7817028984 8
1777446497430 2310656.7391304346 9
1777446497434 2400894.382246377 10
1777446497438 1473139.7472826086 11
1777446497442 2063808.4841485508 12
1777446497447 14504900.078804348 13
1777446497452 2138303.544384058 14
1777446497455 2641069.6852355073 15
1777446497459 9072442.526268115 16
1777446497464 12481269.30344203 17
1777446497469 1704215.3931159421 18
1777446497474 4443167.682065218 19
1777446497477 115702156.16938406 20
1777446497482 104540311.6521739 21
1777446497487 13363022.146286232 22
1777446497493 5075485.760416667 23
1777446497497 21413876.063405797 24
1777446497500 11952538.692934783 25
1777446497505 100462572.01086956 26
1777446497510 1430519.6168478262 27
1777446497515 435348.23505434784 28
1777446497519 3018832.830842391 29
1777446497523 1687314.6005434783 30
1777446497527 866621.8369565217 31
1777446497532 9969021.392663043 32
1777446497536 951551248.0851449 33
1777446497540 372382504.7789855 34
1777446497543 1422706.4232336956 35
1777446497547 159959.35558197464 36
1777446497551 129008.53708106885 37
1777446497555 87394.86642323369 38
1777446497559 71005.91559103261 39
1777446497564 133304.78031589673 40
1777446497567 107219.62709465579 41
1777446497571 46621.20663496377 42
1777446497575 40478.959578804344 43
1777446497580 41698.993149909424 44
1777446497583 90882.31487771739 45
1777446497587 89908.21304630888 46
1777446497590 58841.403136322464 47
1777446497595 96396.36280004529 48
1777446497597 175408.32597373187 49
1777446497601 246757.40531589673 50
1777446497604 364868.4084012681 51
1777446497607 4616711.234148551 52
1777446497612 27256324.895833332 53
1777446497615 5099232.469202898 54
1777446497618 542294.2313320879 55
1777446497622 68106.14911684782 56
1777446497626 155675.36163949277 57
1777446497630 89266.34253283514 58
1777446497633 45151.638969089676 59
1777446497637 46653.239017210144 60
1777446497640 91048.41230751811 61
1777446497645 251361.7236328125 62
1777446497649 234806.82319972827 63
1777446497652 270005.5635190217 64
1777446497655 351083.1305763134 65
1777446497658 570427.6096014492 66
1777446497662 727605.4875452898 67
1777446497666 338138.83939085144 68
1777446497669 153642.43592900815 69
1777446497673 882709.0631793478 70
1777446497677 3839642.287137681 71
1777446497680 3131298.74682971 72
1777446497684 20705007.248188406 73
1777446497687 49621138.74456522 74
1777446497690 40135746.86413044 75
1777446497695 6415401.967391305 76
1777446497698 4092043.109601449 77
1777446497701 115815.00183990036 78
1777446497705 167081.30621603262 79
1777446497708 307891.9436424366 80
1777446497712 119417.51100401947 81
1777446497715 344241.5172950634 82
1777446497719 297939.12437726447 83
1777446497722 104746.22670403079 84
1777446497724 270042.2241847826 85
1777446497729 260833.8618942482 86
1777446497732 5074018.704483695 87
1777446497737 31433717.57789855 88
1777446497739 31584655.355072465 89
1777446497742 28831747.253623188 90
1777446497746 18844833.160552535 91
1777446497750 215161.0219797328 92
1777446497753 140924.32411967844 93
1777446497757 89254.62173063858 94
1777446497761 149286.83380038495 95
1777446497764 1688667.0155683877 96
1777446497768 3932376.602128623 97
1777446497771 118402.72271286232 98
1777446497774 9665.631245046423 99
1777446497778 6980.902456974638 100
1777446497781 81918.74965324954 101
1777446497784 120032.94933905118 102
1777446497788 137329.85154480865 103
1777446497790 382315.3451086957 104
1777446497795 1022186.9654806386 105
1777446497798 57250.02852553216 106
1777446497801 185292.91460031702 107
1777446497804 1124524.7744565217 108
1777446497808 4510478.195652174 109
1777446497811 1098665.1177536233 110
1777446497815 51106518.16485507 111
1777446497818 2083108.4632019927 112
1777446497821 94768.30766672328 113
1777446497824 5552.073472175045 114
1777446497829 12054.67971580616 115
1777446497833 19411.262458248413 116
1777446497836 15047.987531136776 117
1777446497839 13824.323036967844 118
1777446497843 5531.43943543365 119
1777446497846 6756.7047932942705 120
1777446497850 4008.086707073709 121
1777446497853 52786.14822874207 122
1777446497855 229705.91825181158 123
1777446497859 202539.67620584238 124
1777446497863 890291.6906702898 125
1777446497866 810900.0949954711 126
1777446497869 215531.42504528986 127
1777446497872 198158.6855822577 128
1777446497876 24608.872317991394 129
1777446497880 54307.070875084915 130
1777446497883 56640.62979789402 131
1777446497886 9571.339542997057 132
1777446497889 6104.146792204484 133
1777446497894 39659.07046287647 134
1777446497897 61854.81638855865 135
1777446497900 14864.835721665535 136
1777446497903 4651.3998050413265 137
1777446497906 2561.053028051404 138
1777446497911 5645.370010154835 139
1777446497914 13888.180934740149 140
1777446497917 7801.6374564792795 141
1777446497920 3454.9620759383492 142
1777446497924 5941.434867527174 143
1777446497928 2807.8131536953692 144
1777446497931 3049.4058377915535 145
1777446497934 3227.8888695758324 146
1777446497937 11311.093580163044 147
1777446497940 3019.654496787251 148
1777446497945 3134.2652021767435 149
1777446497948 2786.4129037165985 150
1777446497951 5634.9380325096245 151
1777446497955 42297.4589436849 152
1777446497958 31373.732188349186 153
1777446497962 3821.946821572124 154
1777446497965 6808.66568214306 155
1777446497969 5464.263475058735 156
1777446497972 1458.906909002774 157
1777446497977 3681.7790129288383 158
1777446497981 3199.7415276126585 159
1777446497984 3266.963562896286 160
1777446497989 2413.172895790874 161
1777446497992 2217.482939789261 162
1777446497996 3442.6759979690332 163
1777446497999 1442.4769561325295 164
1777446498003 1325.1084086100261 165
1777446498006 1643.318799889606 166
1777446498009 1592.0470143193784 167
1777446498012 1410.6880289713542 168
1777446498016 1087.0052852907043 169
1777446498019 1420.191773345505 170
1777446498023 1247.8474647411401 171
1777446498025 1210.5878539154496 172
1777446498030 1098.4021778935971 173
1777446498033 1188.0714792445085 174
1777446498037 1455.4967142740886 175
1777446498040 1936.0558352263076 176
1777446498045 1005.2601389124774 177
1777446498047 1094.7024960725205 178
1777446498051 842.7551397793535 179
1777446498054 867.293361497962 180
1777446498058 847.8528619296309 181
1777446498062 854.4132347659788 182
1777446498065 913.6064820220505 183
1777446498068 888.4622652357903 184
1777446498072 911.4353290502576 185
1777446498074 690.7960636304772 186
1777446498079 756.262405174366 187
1777446498081 691.1546219535496 188
1777446498085 649.4327976392663 189
1777446498089 653.7287675055904 190
1777446498092 653.8456584543421 191
1777446498096 636.9039510091146 192
1777446498099 651.6256132264068 193
1777446498103 616.887417116027 194
1777446498106 615.4550468887107 195
1777446498109 604.9234824802564 196
1777446498113 604.3548369476761 197
1777446498116 593.7905406122622 198
1777446498120 590.2646599368773 199
