1777433896814 17.058754615161728 0
1777433898588 0.648841659228007 1
1777433900362 0.5514256569786348 2
1777433902010 0.4623659689357315 3
1777433903914 0.39246890899063885 4
1777433905463 0.33930824459462927 5
1777433907212 0.2960066881732664 6
1777433908966 0.25881483546201733 7
1777433910603 0.22720132465811743 8
1777433912364 0.19989279949146768 9
1777433914054 0.1761608497388121 10
1777433915751 0.16483956532201904 11
1777433917467 0.1524695639593014 12
1777433919079 0.14227413688448892 13
1777433920837 0.1339923580703528 14
1777433922579 0.12370156367187915 15
1777433924189 0.11534147029337675 16
1777433925968 0.10698479327602663 17
1777433927545 0.10141051150318506 18
1777433929379 0.09762759031592935 19
1777433931155 0.09170485903387485 20
1777433932849 0.08610157679388489 21
1777433934654 0.08177160925191382 22
1777433936315 0.07693286499251491 23
1777433938267 0.07405083345762198 24
1777433940033 0.07116213084562965 25
1777433941599 0.06703073677161465 26
1777433943415 0.06521634163631909 27
1777433945053 0.06153104211325231 28
1777433946804 0.058387515877468 29
1777433948683 0.07737823748502179 30
1777433950587 0.06651910826347876 31
1777433952296 0.06062468081928682 32
1777433953803 0.05643354248309481 33
1777433955495 0.05311358406923819 34
1777433957192 0.049876822725586266 35
1777433958779 0.04966454726198445 36
1777433960372 0.046182082615036896 37
1777433961786 0.044480946508870606 38
1777433963349 0.04252830860407456 39
1777433965007 0.040358149864967316 40
1777433966397 0.043475434939930405 41
1777433968088 0.040127203084420464 42
1777433969889 0.03648355692301108 43
1777433971414 0.03795157713086709 44
1777433973084 0.0383609620773274 45
1777433974662 0.0341042328517938 46
1777433976408 0.03244980143896048 47
1777433978068 0.031293344022571175 48
1777433979703 0.031207676571996315 49
1777433981456 0.029840559955092445 50
1777433982931 0.0286566869666179 51
1777433984713 0.02848851205646128 52
1777433986464 0.028746213547993397 53
1777433987955 0.025516345206162205 54
1777433989698 0.024934172360361485 55
1777433991322 0.024809796282130737 56
1777433992910 0.025785787759915642 57
1777433994596 0.025330895153076752 58
1777433996208 0.022324124972025555 59
1777433998320 0.029444088700456894 60
1777434000235 0.026854496773170387 61
1777434002154 0.022156364001009777 62
1777434004045 0.02008841208357742 63
1777434005805 0.020553330067491184 64
1777434007604 0.02068017409655495 65
1777434009338 0.017758075309836346 66
1777434011100 0.01767184334280698 67
1777434012975 0.017153729509184326 68
1777434014662 0.01675187503460093 69
1777434016551 0.015923056670505066 70
1777434018295 0.016798055649775524 71
1777434020171 0.01566250361772119 72
1777434022092 0.016416008894642193 73
1777434023898 0.014280307889524578 74
1777434025794 0.014602244966595934 75
1777434027477 0.01564427162858023 76
1777434029346 0.013181758531625721 77
1777434031208 0.012280830384596535 78
1777434032910 0.012438107281923294 79
1777434034750 0.012128881745688293 80
1777434036414 0.011932435796420643 81
1777434038266 0.011955881734257158 82
1777434039986 0.011154283418495586 83
1777434041422 0.01170992345103751 84
1777434043079 0.011196213193993637 85
1777434044773 0.011244806879456493 86
1777434046209 0.010596190241799839 87
1777434047771 0.010452252738447725 88
1777434049260 0.010835975408554077 89
1777434050904 0.010174809752599052 90
1777434052523 0.009453934212417706 91
1777434054084 0.00931939158750617 92
1777434055711 0.009102083519910988 93
1777434057179 0.010733533124236957 94
1777434058866 0.012973908321473045 95
1777434060541 0.015076225022852852 96
1777434061939 0.009769167265166407 97
1777434063964 0.008388420027019321 98
1777434065578 0.007904547867297695 99
1777434067260 0.007887489317605892 100
1777434069049 0.007722151681672835 101
1777434070698 0.007270377851428761 102
1777434072521 0.0075195582745515785 103
1777434074394 0.007264539120259924 104
1777434076107 0.007067375074046246 105
1777434077826 0.006922823397199745 106
1777434079430 0.007044653522957495 107
1777434081045 0.006810480647760889 108
1777434082579 0.008374708738393974 109
1777434084012 0.006671873164241729 110
1777434085693 0.006409821714666011 111
1777434087125 0.00637594580758309 112
1777434088716 0.007261175918730272 113
1777434090407 0.006464918481482976 114
1777434091890 0.00584433628651111 115
1777434093458 0.005956412657447483 116
1777434094892 0.0059028353636571464 117
1777434096535 0.005934288421564776 118
1777434098159 0.0056547967352620935 119
1777434099634 0.005606291215002969 120
1777434101278 0.005359113702307577 121
1777434102719 0.005769374199967453 122
1777434104354 0.005494454693373131 123
1777434105987 0.005058750078298043 124
1777434107492 0.005278358580139668 125
1777434109112 0.005050888878927714 126
1777434110887 0.0050474194323886995 127
1777434112646 0.0050403933931628 128
1777434114261 0.004822460111176622 129
1777434115894 0.004875346623442095 130
1777434117795 0.004588710441105608 131
1777434119567 0.004566635599062926 132
1777434121240 0.00447015395131556 133
1777434123096 0.004556262069314286 134
1777434124664 0.004663844565874425 135
1777434126513 0.004560750672944646 136
1777434128348 0.004504098378094858 137
1777434129894 0.004618593953900795 138
1777434131663 0.004137921973765976 139
1777434133384 0.004135686624120327 140
1777434135084 0.004008274582768048 141
1777434136813 0.004043035246296853 142
1777434138325 0.004018294975917408 143
1777434139937 0.004061438413201899 144
1777434141414 0.0038949495309666877 145
1777434143036 0.003957376785009452 146
1777434144722 0.003925077026655925 147
1777434146144 0.004065782051074548 148
1777434147756 0.00395819704061833 149
1777434149208 0.003811905039069445 150
1777434150720 0.0047515426607181626 151
1777434152383 0.0037999277583498888 152
1777434153824 0.003897652752103581 153
1777434155345 0.003732402012615964 154
1777434156792 0.0035655088385270124 155
1777434158379 0.0036332612195848555 156
1777434159914 0.003590573263152138 157
1777434161275 0.0035255655673319015 158
1777434162999 0.003402360755464305 159
1777434164463 0.003389107532448311 160
1777434165996 0.003408864714151275 161
1777434167612 0.0034032665544014044 162
1777434169086 0.0033085202541796193 163
1777434170616 0.003424432135416546 164
1777434172012 0.0032654176263705544 165
1777434173622 0.0032747380934871626 166
1777434175208 0.0032037722817419663 167
1777434176585 0.0032669554626488166 168
1777434178262 0.0032170780434988546 169
1777434179656 0.0031701305347994185 170
1777434181169 0.0031548643626434646 171
1777434182721 0.0031865170576434202 172
1777434184154 0.003137388806520165 173
1777434185697 0.0031024220507537975 174
1777434187260 0.0031169926329259424 175
1777434188728 0.0031195925110006247 176
1777434190254 0.003068037796765566 177
1777434191612 0.0031226226837252793 178
1777434193252 0.0030302961451419887 179
1777434194814 0.0030335169656715098 180
1777434196271 0.0030211479693273272 181
1777434197858 0.003003806189593414 182
1777434199339 0.003006407495021172 183
1777434200880 0.0029649473996697993 184
1777434202406 0.0029495974152308445 185
1777434203880 0.0029463440692727117 186
1777434205469 0.0029426516485872908 187
1777434206871 0.0029551294139599886 188
1777434208490 0.002922145190878191 189
1777434209994 0.0029257577506528382 190
1777434211397 0.0029170768524425616 191
1777434212992 0.00290965974546861 192
1777434214623 0.0029054740072646437 193
1777434216011 0.002912844639217508 194
1777434217512 0.002898875286505706 195
1777434218964 0.00289740234248988 196
1777434220525 0.002899024041666501 197
1777434222068 0.0028898730651354012 198
1777434223545 0.0028953579713360987 199
1777433896814 17.058754615161728 0
