1777433896829 0.001 0
1777433898595 0.0009999383162408303 1
1777433900383 0.0009997532801828658 2
1777433902012 0.0009994449374809851 3
1777433903935 0.0009990133642141358 4
1777433905474 0.000998458666866564 5
1777433907212 0.00099778098230154 6
1777433908979 0.0009969804777275899 7
1777433910614 0.000996057350657239 8
1777433912372 0.0009950118288582787 9
1777433914065 0.0009938441702975688 10
1777433915762 0.000992554663077387 11
1777433917480 0.0009911436253643444 12
1777433919089 0.0009896114053108828 13
1777433920847 0.0009879583809693736 14
1777433922589 0.0009861849601988382 15
1777433924211 0.0009842915805643154 16
1777433925979 0.000982278709228899 17
1777433927554 0.0009801468428384714 18
1777433929396 0.0009778965073991648 19
1777433931166 0.0009755282581475766 20
1777433932859 0.0009730426794137723 21
1777433934664 0.0009704403844771124 22
1777433936330 0.0009677220154149334 23
1777433938283 0.0009648882429441253 24
1777433940046 0.000961939766255643 25
1777433941614 0.0009588773128419901 26
1777433943437 0.0009557016383177221 27
1777433945063 0.0009524135262330093 28
1777433946816 0.0009490137878803073 29
1777433948693 0.0009455032620941834 30
1777433950599 0.0009418828150443463 31
1777433952296 0.0009381533400219311 32
1777433953810 0.0009343157572190951 33
1777433955499 0.0009303710135019713 34
1777433957204 0.0009263200821770456 35
1777433958790 0.000922163962751007 36
1777433960381 0.0009179036806841347 37
1777433961795 0.0009135402871372803 38
1777433963359 0.0009090748587125112 39
1777433965015 0.0009045084971874732 40
1777433966397 0.0008998423292435448 41
1777433968096 0.0008950775061878447 42
1777433969901 0.0008902152036691643 43
1777433971425 0.000885256621387894 44
1777433973090 0.0008802029828000149 45
1777433974678 0.0008750555348152292 46
1777433976419 0.0008698155474893041 47
1777433978083 0.0008644843137107051 48
1777433979707 0.0008590631488815939 49
1777433981461 0.0008535533905932731 50
1777433982940 0.0008479563982961564 51
1777433984722 0.0008422735529643437 52
1777433986474 0.000836506256754886 53
1777433987963 0.0008306559326618253 54
1777433989709 0.0008247240241650912 55
1777433991334 0.0008187119948743442 56
1777433992910 0.000812621328167852 57
1777433994612 0.0008064535268264877 58
1777433996218 0.0008002101126629415 59
1777433998335 0.000793892626146236 60
1777434000246 0.0007875026260216388 61
1777434002168 0.0007810416889260649 62
1777434004058 0.0007745114089990654 63
1777434005816 0.0007679133974894978 64
1777434007613 0.0007612492823579739 65
1777434009351 0.0007545207078751852 66
1777434011124 0.0007477293342162034 67
1777434012986 0.0007408768370508571 68
1777434014673 0.0007339649071302863 69
1777434016565 0.0007269952498697729 70
1777434018295 0.000719969584927957 71
1777434020181 0.0007128896457825358 72
1777434022102 0.0007057571793025539 73
1777434023914 0.0006985739453173898 74
1777434025808 0.0006913417161825444 75
1777434027487 0.0006840622763423385 76
1777434029356 0.000676737421889628 77
1777434031225 0.0006693689601226452 78
1777434032920 0.0006619587090990741 79
1777434034767 0.0006545084971874731 80
1777434036434 0.0006470201626161514 81
1777434038283 0.0006394955530196142 82
1777434040001 0.0006319365249826858 83
1777434041431 0.0006243449435824268 84
1777434043085 0.0006167226819279523 85
1777434044784 0.0006090716206982709 86
1777434046226 0.0006013936476782558 87
1777434047779 0.000593690657292862 88
1777434049276 0.0005859645501397043 89
1777434050913 0.000578217232520115 90
1777434052530 0.000570450615968791 91
1777434054095 0.0005626666167821518 92
1777434055730 0.0005548671555455222 93
1777434057194 0.0005470541566592567 94
1777434058884 0.000539229547863922 95
1777434060548 0.0005313952597646562 96
1777434061953 0.0005235532253548208 97
1777434063975 0.0005157053795390637 98
1777434065587 0.0005078536586559099 99
1777434067278 0.0004999999999999996 100
1777434069065 0.0004921463413440893 101
1777434070705 0.0004842946204609354 102
1777434072532 0.00047644677464517824 103
1777434074407 0.00046860474023534287 104
1777434076117 0.00046077045213607716 105
1777434077836 0.0004529458433407424 106
1777434079441 0.000445132844454477 107
1777434081045 0.0004373333832178475 108
1777434082591 0.0004295493840312084 109
1777434084012 0.0004217827674798842 110
1777434085698 0.00041403544986029484 111
1777434087136 0.0004063093427071374 112
1777434088736 0.00039860635232174353 113
1777434090431 0.0003909283793017286 114
1777434091899 0.000383277318072047 115
1777434093468 0.00037565505641757235 116
1777434094904 0.0003680634750173133 117
1777434096544 0.00036050444698038515 118
1777434098173 0.0003529798373838478 119
1777434099645 0.0003454915028125262 120
1777434101297 0.00033804129090092506 121
1777434102729 0.0003306310398773541 122
1777434104364 0.00032326257811037126 123
1777434105996 0.0003159377236576609 124
1777434107505 0.000308658283817455 125
1777434109123 0.0003014260546826094 126
1777434110898 0.0002942428206974454 127
1777434112652 0.00028711035421746345 128
1777434114281 0.0002800304150720422 129
1777434115911 0.0002730047501302264 130
1777434117812 0.0002660350928697132 131
1777434119578 0.0002591231629491421 132
1777434121252 0.00025227066578379596 133
1777434123105 0.0002454792921248141 134
1777434124682 0.00023875071764202534 135
1777434126528 0.0002320866025105013 136
1777434128361 0.0002254885910009338 137
1777434129900 0.0002189583110739344 138
1777434131684 0.00021249737397836048 139
1777434133396 0.00020610737385376327 140
1777434135090 0.00019978988733705783 141
1777434136822 0.00019354647317351147 142
1777434138339 0.00018737867183214719 143
1777434139947 0.0001812880051256549 144
1777434141431 0.00017527597583490801 145
1777434143050 0.00016934406733817395 146
1777434144733 0.0001634937432451131 147
1777434146159 0.00015772644703565544 148
1777434147768 0.00015204360170384266 149
1777434149219 0.0001464466094067261 150
1777434150728 0.00014093685111840547 151
1777434152399 0.00013551568628929414 152
1777434153832 0.00013018445251069497 153
1777434155361 0.0001249444651847701 154
1777434156802 0.00011979701719998438 155
1777434158389 0.00011474337861210527 156
1777434159924 0.00010978479633083506 157
1777434161283 0.00010492249381215464 158
1777434163010 0.00010015767075645462 159
1777434164485 9.549150281252619e-05 160
1777434166006 9.092514128748822e-05 161
1777434167624 8.645971286271907e-05 162
1777434169096 8.209631931586485e-05 163
1777434170626 7.783603724899246e-05 164
1777434172012 7.367991782295392e-05 165
1777434173638 6.962898649802802e-05 166
1777434175217 6.568424278090424e-05 167
1777434176597 6.184665997806812e-05 168
1777434178270 5.811718495565318e-05 169
1777434179679 5.449673790581603e-05 170
1777434181169 5.098621211969216e-05 171
1777434182736 4.7586473766990253e-05 172
1777434184169 4.4298361682277405e-05 173
1777434185706 4.1122687158009486e-05 174
1777434187268 3.8060233744356686e-05 175
1777434188736 3.511175705587427e-05 176
1777434190262 3.2277984585066264e-05 177
1777434191624 2.955961552288723e-05 178
1777434193262 2.6957320586227313e-05 179
1777434194830 2.44717418524232e-05 180
1777434196287 2.210349260083491e-05 181
1777434197872 1.9853157161528496e-05 182
1777434199347 1.7721290771100992e-05 183
1777434200891 1.5708419435684497e-05 184
1777434202424 1.3815039801161704e-05 185
1777434203889 1.2041619030626323e-05 186
1777434205484 1.0388594689117057e-05 187
1777434206871 8.856374635655629e-06 188
1777434208500 7.445336922613057e-06 189
1777434210003 6.155829702431163e-06 190
1777434211406 4.988171141721226e-06 191
1777434213001 3.942649342761113e-06 192
1777434214639 3.0195222724101985e-06 193
1777434216011 2.219017698459999e-06 194
1777434217532 1.5413331334360161e-06 195
1777434218972 9.866357858642194e-07 196
1777434220533 5.550625190150475e-07 197
1777434222079 2.4671981713419966e-07 198
1777434223562 6.168375916970607e-08 199
1777433896829 0.001 0
