1777433896820 0.010261856127476347 0
1777433898588 0.012729639659865179 1
1777433900379 0.011656787826855114 2
1777433902012 0.01011720560896008 3
1777433903929 0.009244863031620996 4
1777433905463 0.009003231187175581 5
1777433907212 0.009201595181788223 6
1777433908966 0.009739827634631723 7
1777433910603 0.009507203758086847 8
1777433912364 0.009166174736953732 9
1777433914054 0.009181149641348831 10
1777433915751 0.008708472923794086 11
1777433917467 0.008909186064873053 12
1777433919081 0.008476196471061827 13
1777433920839 0.008519851008727066 14
1777433922583 0.008707281640744295 15
1777433924201 0.00817077745265071 16
1777433925968 0.00844528786568106 17
1777433927548 0.007842353207693584 18
1777433929381 0.007787261252709921 19
1777433931159 0.007418143137803544 20
1777433932849 0.007442517563754665 21
1777433934656 0.007154939621956884 22
1777433936315 0.007025210099105818 23
1777433938267 0.006987059704851413 24
1777433940033 0.0069768945079134856 25
1777433941599 0.006662787505142067 26
1777433943429 0.006656664862310973 27
1777433945053 0.006484623978157406 28
1777433946807 0.006458429275485484 29
1777433948686 0.006364503308482792 30
1777433950590 0.0063707554388953294 31
1777433952296 0.006273666005311668 32
1777433953803 0.006415052697116482 33
1777433955499 0.006253442781019038 34
1777433957197 0.006215621926484333 35
1777433958782 0.006219918731654036 36
1777433960372 0.00634678478177259 37
1777433961790 0.006223919065804153 38
1777433963351 0.006286141908039217 39
1777433965010 0.006407720711676107 40
1777433966397 0.006305193818727697 41
1777433968095 0.006235231038021005 42
1777433969892 0.006358061633680178 43
1777433971418 0.006441692841927643 44
1777433973084 0.006280267766366403 45
1777433974662 0.006351108386086813 46
1777433976411 0.006309908726994974 47
1777433978070 0.0062492020171729555 48
1777433979703 0.006356851838907038 49
1777433981458 0.006308042046114587 50
1777433982934 0.006211528885245755 51
1777433984713 0.006452332419491764 52
1777433986467 0.006247242312014535 53
1777433987958 0.006186471772852583 54
1777433989701 0.00625901144888738 55
1777433991322 0.006315758377583563 56
1777433992910 0.006223561242222786 57
1777433994596 0.00626531690089167 58
1777433996212 0.006304432725722807 59
1777433998323 0.006244764332592055 60
1777434000239 0.0063653906226914 61
1777434002154 0.006318853000529866 62
1777434004052 0.006271368979165952 63
1777434005808 0.00645939355203207 64
1777434007606 0.006462043360469566 65
1777434009345 0.006412869089863439 66
1777434011116 0.006412543552131325 67
1777434012979 0.006369937015562386 68
1777434014666 0.006501040407928867 69
1777434016551 0.006614764497709879 70
1777434018295 0.0065738755426761036 71
1777434020174 0.006579624421462632 72
1777434022092 0.006615277015320633 73
1777434023912 0.0066108129972565 74
1777434025794 0.0066284589415443115 75
1777434027480 0.006825008125894744 76
1777434029349 0.00684037244460289 77
1777434031208 0.006919231070070595 78
1777434032914 0.006945529493732729 79
1777434034750 0.007008801815032527 80
1777434036414 0.007044127993825553 81
1777434038266 0.007060339141205169 82
1777434039986 0.007200054176475691 83
1777434041425 0.007379412725297869 84
1777434043079 0.007407399069895779 85
1777434044775 0.007343038660136686 86
1777434046225 0.007596006610201321 87
1777434047773 0.007658813938336528 88
1777434049260 0.0076375018697286 89
1777434050907 0.008146831232622482 90
1777434052526 0.007824104616715424 91
1777434054087 0.007926171186609545 92
1777434055711 0.007953213527798653 93
1777434057188 0.008005255941247595 94
1777434058866 0.007956167089118473 95
1777434060542 0.007993077609580065 96
1777434061945 0.008111926706750755 97
1777434063965 0.008339160574141188 98
1777434065581 0.008360344086490248 99
1777434067260 0.008375444010817919 100
1777434069049 0.008096066398033197 101
1777434070698 0.008262237338214249 102
1777434072524 0.008253874911832205 103
1777434074397 0.00798381842078938 104
1777434076110 0.008177475787807201 105
1777434077829 0.008240700004271406 106
1777434079433 0.00837875194037738 107
1777434081045 0.008107977845044672 108
1777434082582 0.00851919587728554 109
1777434084012 0.008389245442020288 110
1777434085693 0.008529236479459898 111
1777434087125 0.008746553786044968 112
1777434088728 0.008586089214499014 113
1777434090425 0.008466230712129154 114
1777434091893 0.008551280358401329 115
1777434093462 0.008634531614033209 116
1777434094895 0.008431644367890945 117
1777434096538 0.008873096188071413 118
1777434098159 0.00876878004224188 119
1777434099639 0.008556753363244343 120
1777434101285 0.008949621944971706 121
1777434102721 0.008523256605680006 122
1777434104358 0.00868651826960453 123
1777434105990 0.008744733853508596 124
1777434107492 0.008653247452246538 125
1777434109112 0.008969926842204903 126
1777434110893 0.008809203012050062 127
1777434112646 0.008887374658893415 128
1777434114277 0.008725165949621494 129
1777434115911 0.00904682446676104 130
1777434117795 0.00901229925237704 131
1777434119567 0.008987368354438871 132
1777434121244 0.009339725031800892 133
1777434123099 0.009083724641443594 134
1777434124664 0.008928129355004732 135
1777434126513 0.008598328217108181 136
1777434128348 0.00906502779411233 137
1777434129895 0.008814933277882528 138
1777434131678 0.00921002914454194 139
1777434133388 0.008860823340659988 140
1777434135090 0.00893325995032986 141
1777434136815 0.008923165000759173 142
1777434138325 0.008825438677508762 143
1777434139940 0.009020157853492361 144
1777434141427 0.008842867441421402 145
1777434143036 0.00896985660833509 146
1777434144725 0.009005667682251205 147
1777434146159 0.008813224010763393 148
1777434147760 0.009039100239296322 149
1777434149212 0.009366792248750942 150
1777434150722 0.008843766957305479 151
1777434152383 0.009039360874642929 152
1777434153825 0.009246501943393461 153
1777434155345 0.009405149923016628 154
1777434156794 0.009144977652940197 155
1777434158381 0.009044292085952517 156
1777434159918 0.008663852057973112 157
1777434161277 0.009022500575182663 158
1777434162999 0.008883068189564823 159
1777434164478 0.009106437371962744 160
1777434165999 0.009164610364730808 161
1777434167614 0.009092730200053125 162
1777434169089 0.008900809634908817 163
1777434170618 0.009017185173064901 164
1777434172012 0.009369463119925796 165
1777434173622 0.009142523381751085 166
1777434175208 0.00921612770796038 167
1777434176591 0.009097928026070198 168
1777434178266 0.00939585840113569 169
1777434179671 0.009103933005067318 170
1777434181169 0.009520291971663633 171
1777434182736 0.009302274850399597 172
1777434184154 0.008983661069710186 173
1777434185697 0.008903464302420616 174
1777434187262 0.009074331726878881 175
1777434188728 0.009266873605657314 176
1777434190256 0.008895627938318943 177
1777434191616 0.009075201480932858 178
1777434193256 0.009258951404658348 179
1777434194830 0.00896264145663683 180
1777434196287 0.009345891244331564 181
1777434197868 0.00936511927621736 182
1777434199341 0.009063043206444254 183
1777434200883 0.009051318563844847 184
1777434202406 0.009087883894318256 185
1777434203880 0.009045496751702782 186
1777434205469 0.008949541297835716 187
1777434206871 0.00913298563302859 188
1777434208493 0.009110749975872644 189
1777434209997 0.008828521712912598 190
1777434211400 0.008869955538893524 191
1777434212995 0.009445993837131106 192
1777434214623 0.009072346909754518 193
1777434216011 0.008644917487180319 194
1777434217512 0.008885532448851112 195
1777434218966 0.00920417312991576 196
1777434220528 0.009198241064028032 197
1777434222072 0.008821010940532753 198
1777434223545 0.00911374464361132 199
1777433896820 0.010261856127476347 0
