1777433896823 17.05876453285632 0
1777433898593 0.648854388706926 1
1777433900380 0.5514373122781947 2
1777433902012 0.46237608531247015 3
1777433903931 0.3924781559170156 4
1777433905472 0.33931724878324976 5
1777433907212 0.29601588931636535 6
1777433908974 0.25882457650226093 7
1777433910603 0.2272108315989591 8
1777433912368 0.19990196608114932 9
1777433914061 0.17617003101369608 10
1777433915757 0.16484827364700427 11
1777433917467 0.152478473773901 12
1777433919084 0.14228261229784592 13
1777433920839 0.13400087656750195 14
1777433922583 0.12371027156494666 15
1777433924202 0.115349640664847 16
1777433925968 0.10699323823918468 17
1777433927550 0.10141835415708846 18
1777433929391 0.09763537757638571 19
1777433931161 0.09171227732862251 20
1777433932849 0.08610901959996292 21
1777433934658 0.08177876386089601 22
1777433936324 0.07693989045810008 23
1777433938279 0.0740578202665716 24
1777433940040 0.07116910745052324 25
1777433941614 0.0670373994263186 26
1777433943433 0.06522299824417502 27
1777433945059 0.06153752654790878 28
1777433946810 0.05839397412711295 29
1777433948688 0.07738460168458414 30
1777433950593 0.06652547872584799 31
1777433952296 0.060630954532087715 32
1777433953808 0.05643995743298876 33
1777433955499 0.05311983758988588 34
1777433957201 0.0498830383454544 35
1777433958784 0.04967076736299888 36
1777433960377 0.046188429213952324 37
1777433961791 0.04448717017320619 38
1777433963354 0.04253459462653036 39
1777433965012 0.0403645578501881 40
1777433966397 0.04348174002075541 41
1777433968096 0.04013343841053438 42
1777433969896 0.03648991510272026 43
1777433971418 0.03795801869769027 44
1777433973090 0.03836724245785803 45
1777433974662 0.03411058393185553 46
1777433976413 0.03245611135186492 47
1777433978077 0.03129959308906742 48
1777433979707 0.031214033455952354 49
1777433981461 0.02984686795136203 50
1777433982936 0.028662898456272873 51
1777433984720 0.02849496450221193 52
1777433986470 0.02875246094080849 53
1777433987960 0.025522531698579373 54
1777433989703 0.02494043144194976 55
1777433991329 0.024816112079914066 56
1777433992910 0.025792011424251225 57
1777433994596 0.02533716047047705 58
1777433996214 0.02233042951295341 59
1777433998326 0.029450333393786266 60
1777434000243 0.026860862268485886 61
1777434002164 0.02216268293019654 62
1777434004053 0.020094683339846306 63
1777434005811 0.020559789450920147 64
1777434007608 0.020686636071490204 65
1777434009347 0.01776448808664429 66
1777434011119 0.017678255944148354 67
1777434012981 0.017160099472148693 68
1777434014667 0.016758376044099747 69
1777434016558 0.015929671436332275 70
1777434018295 0.01680462953189145 71
1777434020177 0.015669083290233993 72
1777434022098 0.01642262405189483 73
1777434023914 0.014286918754594913 74
1777434025804 0.0146088733918209 75
1777434027482 0.01565109657636587 76
1777434029351 0.013188598947464556 77
1777434031220 0.012287749625418497 78
1777434032915 0.012445052802238775 79
1777434034761 0.012135890541949135 80
1777434036430 0.011939479955944462 81
1777434038279 0.011962942090695318 82
1777434039996 0.011161483446325081 83
1777434041427 0.011717302846195906 84
1777434043079 0.011203620569321556 85
1777434044779 0.011252149953034477 86
1777434046226 0.010603786284184975 87
1777434047775 0.010459911604614361 88
1777434049260 0.010843612901542498 89
1777434050909 0.010182956584553787 90
1777434052528 0.00946175834784905 91
1777434054090 0.009327317790492722 92
1777434055711 0.009110036650267632 93
1777434057190 0.010741538354668064 94
1777434058879 0.012981864502248556 95
1777434060542 0.015084218125844347 96
1777434061947 0.009777279233263023 97
1777434063968 0.008396759190583143 98
1777434065583 0.007912908248819303 99
1777434067260 0.007895864715016838 100
1777434069061 0.0077302477700446825 101
1777434070705 0.007278640086398176 102
1777434072526 0.007527812181607536 103
1777434074400 0.00727252293702053 104
1777434076113 0.0070755525316665135 105
1777434077831 0.006931064076775658 106
1777434079435 0.007053032274479451 107
1777434081045 0.006818588586875062 108
1777434082586 0.008383227944158125 109
1777434084012 0.006680262389768293 110
1777434085698 0.0064183509625170545 111
1777434087129 0.006384692350537449 112
1777434088731 0.007269762037996797 113
1777434090427 0.006473384682844946 114
1777434091895 0.0058528875554169435 115
1777434093464 0.00596504717849303 116
1777434094898 0.005911267004853142 117
1777434096540 0.005943161543404711 118
1777434098159 0.005663565538850599 119
1777434099641 0.005614847957116106 120
1777434101291 0.005368063337695988 121
1777434102723 0.005777897441462762 122
1777434104360 0.005503141199764998 123
1777434105992 0.005067494819345681 124
1777434107499 0.005287011822118708 125
1777434109112 0.0050598588245718374 126
1777434110896 0.00505622864390413 127
1777434112646 0.005049280795282212 128
1777434114279 0.004831185277578407 129
1777434115911 0.004884393443690909 130
1777434117807 0.004597722728183304 131
1777434119573 0.0045756229631386805 132
1777434121247 0.004479493699508948 133
1777434123101 0.00456534578140987 134
1777434124678 0.004672772699859047 135
1777434126527 0.0045693489938866405 136
1777434128348 0.004513163392877449 137
1777434129895 0.004627408881577245 138
1777434131678 0.0041471320015472775 139
1777434133390 0.004144547456551505 140
1777434135090 0.004017207839026832 141
1777434136818 0.0040519584199764595 142
1777434138334 0.004027120424839465 143
1777434139942 0.004070458569280479 144
1777434141427 0.0039037923949460187 145
1777434143046 0.003966346639545931 146
1777434144727 0.003934082699993598 147
1777434146159 0.004074595281449349 148
1777434147762 0.0039672361403379755 149
1777434149214 0.003821271812489283 150
1777434150724 0.004760386429025211 151
1777434152393 0.0038089671313924632 152
1777434153825 0.003906899243188293 153
1777434155345 0.003741807152476648 154
1777434156797 0.003574653795204949 155
1777434158383 0.00364230552593759 156
1777434159920 0.003599237127607499 157
1777434161279 0.0035345880787117758 158
1777434162999 0.0034112438249091306 159
1777434164480 0.003398213980962401 160
1777434166001 0.0034180293197109217 161
1777434167618 0.003412359282779305 162
1777434169092 0.0033174210626200056 163
1777434170620 0.0034334493085634017 164
1777434172012 0.0032747870925274015 165
1777434173622 0.0032838806138792333 166
1777434175208 0.00321298841373536 167
1777434176594 0.003276053390911092 168
1777434178268 0.0032264739140004353 169
1777434179671 0.0031792344795405 170
1777434181169 0.003164384649067685 171
1777434182736 0.0031958193369749665 172
1777434184169 0.0031463724621774063 173
1777434185703 0.0031113255215619784 174
1777434187264 0.003126066967682994 175
1777434188728 0.0031288593933256207 176
1777434190258 0.0030769334154446487 177
1777434191618 0.003131697899189548 178
1777434193258 0.003039555097727672 179
1777434194830 0.003042479612581108 180
1777434196287 0.003030493872348165 181
1777434197870 0.0030131712994551745 182
1777434199344 0.0030154705391791854 183
1777434200886 0.002973998704439272 184
1777434202418 0.0029586852946575136 185
1777434203880 0.0029553895633991647 186
1777434205479 0.002951601189493701 187
1777434206871 0.002964262395044384 188
1777434208495 0.0029312559383232956 189
1777434209999 0.002934586273614263 190
1777434211400 0.0029259468057611284 191
1777434212997 0.002919105731922647 192
1777434214623 0.002914546347776617 193
1777434216011 0.002921489566780519 194
1777434217528 0.0029077608192312546 195
1777434218968 0.002906606515761519 196
1777434220529 0.0029082222996900478 197
1777434222074 0.0028986940869008718 198
1777434223545 0.002904471718584714 199
1777433896823 17.05876453285632 0
