1777447565574 84400593675.13043 0
1777447565578 227972968.28985506 1
1777447565583 55781082.942028984 2
1777447565586 22010043.257246375 3
1777447565590 14660089.34057971 4
1777447565593 9183195.06521739 5
1777447565597 6949638.170289855 6
1777447565601 5413831.702898551 7
1777447565604 4238992.677536231 8
1777447565607 3928425.802536232 9
1777447565611 3055171.8713768115 10
1777447565615 2742525.545289855 11
1777447565617 2492974.7898550723 12
1777447565622 1949348.8740942029 13
1777447565625 1763594.9719202898 14
1777447565628 1537970.160326087 15
1777447565631 1703778.5760869565 16
1777447565634 1851844.5769927537 17
1777447565645 1213778.9913949275 18
1777447565649 1159812.5570652173 19
1777447565652 1224026.7835144927 20
1777447565655 1358779.067481884 21
1777447565659 1440165.0905797102 22
1777447565662 1060390.598731884 23
1777447565667 1203428.9288949275 24
1777447565670 796196.8183876812 25
1777447565675 749175.3478260869 26
1777447565679 1405408.4891304348 27
1777447565683 816251.0613677537 28
1777447565687 1668273.0335144927 29
1777447565690 1459438.1304347827 30
1777447565694 792225.8410326086 31
1777447565698 726734.6603260869 32
1777447565701 756144.6073369565 33
1777447565705 652111.2228260869 34
1777447565708 1713931.0303442029 35
1777447565712 1164408.204710145 36
1777447565716 749021.2588315217 37
1777447565719 1600185.6850090579 38
1777447565723 7175422.860507246 39
1777447565727 2581515.513134058 40
1777447565730 128642820.8460145 41
1777447565733 6770197.619112318 42
1777447565737 2704773.136322464 43
1777447565741 664892.127830616 44
1777447565744 509600.7447916667 45
1777447565748 4376076.423913044 46
1777447565751 1071100.743432971 47
1777447565755 8919589.226449275 48
1777447565759 21826297.833333332 49
1777447565762 58140991.518115945 50
1777447565767 54920641.10869565 51
1777447565769 9491402.155797102 52
1777447565773 54698728.79710145 53
1777447565776 17785865.74456522 54
1777447565780 4414174.608695652 55
1777447565783 2568517.0602355073 56
1777447565786 176552533.26811594 57
1777447565789 3277794.015398551 58
1777447565793 705133.4425951086 59
1777447565796 1278142.708786232 60
1777447565800 3318768.9891304346 61
1777447565802 864857.2411684783 62
1777447565805 1795578.7510190217 63
1777447565809 652436.7601902174 64
1777447565812 10888962.483469203 65
1777447565815 22419185.72463768 66
1777447565818 1067096.7030117754 67
1777447565822 566134.2987998188 68
1777447565825 3926408.974637681 69
1777447565828 2758172.1245471016 70
1777447565831 255459690.54800725 71
1777447565835 1004007901.4637681 72
1777447565838 7100435.763586956 73
1777447565841 243588.71116394928 74
1777447565845 170002.33695652173 75
1777447565847 136263.3002151268 76
1777447565851 99700.56317934782 77
1777447565854 91439.25979393115 78
1777447565858 95826.4732789855 79
1777447565860 112686.86831974638 80
1777447565864 110085.42176177536 81
1777447565867 113541.76902173914 82
1777447565870 65383.649513134056 83
1777447565873 85424.02912703804 84
1777447565876 127108.10818614131 85
1777447565879 113428.64201200182 86
1777447565882 430510.0765964674 87
1777447565886 894787.4802989131 88
1777447565889 135395.8588088768 89
1777447565893 254670.71829710144 90
1777447565896 83812.13286911232 91
1777447565899 89063.36935292119 92
1777447565902 63859.22293931159 93
1777447565905 58665.53747735507 94
1777447565909 59618.68580163043 95
1777447565912 113751.904296875 96
1777447565915 288037.9232336957 97
1777447565918 1242162.6906702898 98
1777447565922 334316.1767436594 99
1777447565925 1036482.0477807971 100
1777447565928 391032.4465013587 101
1777447565931 194285.94890738223 102
1777447565934 2784130.2667572466 103
1777447565938 729862.650928442 104
1777447565941 156488.68336730072 105
1777447565944 106357.01828577899 106
1777447565947 240010.9204030797 107
1777447565951 1003042.8133491848 108
1777447565953 9090323.300271738 109
1777447565957 6663602.345108695 110
1777447565960 1202986.7173913044 111
1777447565963 555812.7472826086 112
1777447565967 137297.35948822464 113
1777447565969 251521.98134624094 114
1777447565972 45702.98432546422 115
1777447565976 129216.9684669384 116
1777447565980 4840179.000141531 117
1777447565982 6456151.556499094 118
1777447565984 697090.872169384 119
1777447565988 1334581.6998414856 120
1777447565991 12939821.65353261 121
1777447565994 37611749.5307971 122
1777447565998 4034900.185914855 123
1777447566001 468425.99298007245 124
1777447566004 51636.94695425725 125
1777447566007 150691.71127717392 126
1777447566010 182564.32543591486 127
1777447566014 484544.9958106884 128
1777447566016 3691617.9008152173 129
1777447566020 555714.1786684783 130
1777447566022 970909.3494324615 131
1777447566025 2272152.410326087 132
1777447566028 690716.6712805707 133
1777447566031 27605.229789402172 134
1777447566035 121360.70623867754 135
1777447566038 236553.76889436142 136
1777447566041 77722.2790138134 137
1777447566044 62967.978416553444 138
1777447566047 36425.03102355073 139
1777447566050 151780.31112715128 140
1777447566053 33728.034568897194 141
1777447566057 70721.59782608696 142
1777447566060 324410.7848731884 143
1777447566064 852922.3935688406 144
1777447566067 541574.0297214674 145
1777447566069 106451.75441576086 146
1777447566079 23035.39352638134 147
1777447566084 169054.95864470108 148
1777447566087 786427.5945425725 149
1777447566089 72881.20233242754 150
1777447566092 29277.272574162136 151
1777447566095 18455.881411345108 152
1777447566099 33016.98320029439 153
1777447566102 81201.72694463315 154
1777447566105 66406.12313179347 155
1777447566108 15727.254157467165 156
1777447566111 10161.772775843523 157
1777447566114 16005.237524060236 158
1777447566118 15200.095016700634 159
1777447566120 42176.815733978714 160
1777447566123 18901.654127038044 161
1777447566127 29005.593120187954 162
1777447566130 68243.98211050725 163
1777447566133 94858.45209182518 164
1777447566137 15462.771073935688 165
1777447566139 10743.63501507303 166
1777447566143 29680.86323525249 167
1777447566145 19112.169999716938 168
1777447566149 16406.31827445652 169
1777447566152 15081.351778334465 170
1777447566154 10972.388739102129 171
1777447566158 20703.556279721466 172
1777447566161 11444.181095731432 173
1777447566165 8278.448061735733 174
1777447566167 7575.890670997509 175
1777447566172 6551.1011927507925 176
1777447566177 6864.054407976676 177
1777447566181 7788.946115687274 178
1777447566184 5880.471325860507 179
1777447566187 6487.602715975996 180
1777447566190 6544.392440132473 181
1777447566193 6070.805840975996 182
1777447566196 5838.492704087409 183
1777447566199 7681.0125449360285 184
1777447566201 5187.228671308877 185
1777447566205 5333.85106714221 186
1777447566207 5354.096863677536 187
1777447566211 4944.766276926234 188
1777447566214 5424.21338952106 189
1777447566217 4832.692580955616 190
1777447566220 4884.271240234375 191
1777447566223 4729.135505123415 192
1777447566225 4653.531575520833 193
1777447566229 4616.430816208107 194
1777447566233 4644.905064679574 195
1777447566235 4491.926920572917 196
1777447566238 4496.571331521739 197
1777447566242 4478.444558848505 198
1777447566244 4446.3270511350765 199
