1777402058790 0.001 0
1777402059687 0.0009999383162408303 1
1777402060428 0.0009997532801828658 2
1777402061350 0.0009994449374809851 3
1777402062219 0.0009990133642141358 4
1777402062938 0.000998458666866564 5
1777402063791 0.00099778098230154 6
1777402064699 0.0009969804777275899 7
1777402065430 0.000996057350657239 8
1777402066298 0.0009950118288582787 9
1777402067193 0.0009938441702975688 10
1777402067922 0.000992554663077387 11
1777402068779 0.0009911436253643444 12
1777402069692 0.0009896114053108828 13
1777402070418 0.0009879583809693736 14
1777402071295 0.0009861849601988382 15
1777402072220 0.0009842915805643154 16
1777402073007 0.000982278709228899 17
1777402073989 0.0009801468428384714 18
