1777402058785 25.65041792911032 0
1777402059681 0.7940602311189624 1
1777402060415 0.710612978624261 2
1777402061345 0.626391067021135 3
1777402062214 0.5459180349025173 4
1777402062933 0.47232230893079785 5
1777402063787 0.4060197779233905 6
1777402064695 0.3442042858704277 7
1777402065414 0.28869095271912176 8
1777402066288 0.24917686698229416 9
1777402067188 0.2172411928574244 10
1777402067916 0.19153466604758 11
1777402068764 0.173190098957739 12
1777402069688 0.15412770535634912 13
1777402070412 0.14110267702220142 14
1777402071288 0.1302327270741048 15
1777402072211 0.12153234278810197 16
1777402072998 0.11376299363547478 17
1777402073983 0.1070943596786347 18
